143537
197642
245018
274586
305978
106871
245207
175366
112291
268539
102212
235988
133048
64766
172574
272558
111909
282882
297234
99705
96631
198151
250279
149573
246965
111870
235854
247758
245736
265883
270971
210801
238977
167029
149907
218307
248115
266883
268419
288579
306963
282780
286476
299868
313740
222728
64564
268420
316084
119709
140781
198861
268317
152650
227146
240586
148551
150733
201277
167104
217840
267328
271216
196927
220591
108382
246622
266782
210756
276570
280746
210802
196157
284285
136267
156043
192668
245852
246332
266972
83334
159654
169638
95171
185027
269987
284195
239663
267119
132207
246879
249519
89081
189161
146137
161833
174289
233617
267025
270193
