64766
272558
171197
196157
284285
133048
189161
111909
95171
185027
269987
284195
196204
210756
250260
89082
276570
280746
183420
282780
286476
299868
313740
233617
270193
112291
213907
152650
227146
240586
149573
168005
246965
111870
235854
247758
192668
245852
246332
266972
246879
249519
239663
267119
268415
96631
102212
222728
282882
297234
167029
197642
245018
274586
305978
210801
238977
106871
245207
136267
156043
119709
198861
268317
270971
83334
159654
169638
64822
167104
217840
267328
271216
132003
149907
218307
266883
268419
288579
306963
143537
108382
246622
266782
99705
210802
64564
268420
316084
128144
210800
239312
268539
218352
284016
220591
150733
201277
146137
161833
