100560
143472
262968
279096
237932
245852
279428
156043
210883
213907
217840
238816
293512
307072
128144
154952
169736
257264
312320
107901
170445
312549
95171
133043
182891
211091
270779
270971
53633
65273
85337
118409
143537
157457
270737
167030
219575
219815
239663
275495
282335
148551
193047
270807
150411
218307
267123
268419
299715
106954
117682
159298
212914
236458
243418
128965
150733
201277
212173
270133
64564
268420
149573
170501
210797
121281
210801
238977
167402
214178
240866
241082
267026
305978
118770
167034
177066
268362
276570
297234
162793
166585
188737
268585
105886
192622
211894
238030
266782
145855
166903
250279
252343
282631
169638
290526
210756
235620
269988
313740
