192622
211894
238030
266782
237356
237932
245852
279428
219575
239663
275495
282335
118770
167034
177066
268362
276570
297234
106954
117682
139258
159298
168058
212914
236458
243418
64564
168004
268420
166903
173599
250279
252343
282631
156043
210883
213907
53633
65273
85337
118409
157457
180809
270737
148551
193047
270807
107901
170445
312549
95171
133043
182891
211091
269987
270779
270971
149573
170501
210797
290526
210756
235620
306804
231878
272558
128144
169736
257264
312320
128965
201277
212173
270133
218307
267123
268323
268419
299715
100560
143472
262968
162793
166585
188737
268585
167402
214178
240866
267026
305978
121281
210801
213849
238977
217840
238816
273016
293512
307072
