192668
246332
266972
210756
250260
96631
198151
245736
64564
268420
316084
282882
297234
64766
272558
268539
196927
220591
136267
156043
89081
112291
239663
267119
268415
99705
167104
217840
267328
271216
117682
210802
132207
246879
249519
106871
245207
111870
235854
247758
175366
210801
238977
222728
143537
183420
282780
286476
299868
313740
284016
133048
132003
149907
218307
248115
266883
268419
288579
306963
236123
270971
148069
167029
276570
167402
197642
245018
274586
305978
171197
196157
284285
108382
246622
266782
152650
227146
240586
95171
269987
284195
233617
270193
119709
123933
140781
198861
268317
149573
168005
150733
201277
128144
239312
83334
159654
169638
146137
161833
