89081
189161
106871
245207
198151
250279
222728
197642
245018
274586
305978
210756
250260
245736
167029
64564
268420
316084
239663
267119
268415
183420
282780
286476
299868
313740
133048
233617
270193
222795
268539
111909
196927
220591
210802
132003
149907
218307
248115
266883
268419
288579
306963
64822
175366
128144
246332
266972
246879
249519
265883
270971
276570
284016
167104
217840
267328
271216
136267
156043
210801
238977
95171
185027
269987
284195
282882
297234
108382
246622
266782
171197
196157
284285
102212
235988
152650
227146
240586
146137
150733
201277
111870
235854
247758
102065
143537
64766
272558
93465
99705
140781
198861
268317
83334
159654
169638
112291
213907
149573
