148926
305978
94972
106300
100916
143472
284016
114818
101877
178677
152650
214807
64564
200545
306963
116748
218307
115094
170501
128965
74823
165647
204815
237930
167976
235620
104804
130532
95171
209250
210756
130894
152398
174289
56221
79415
219575
171197
175421
102410
137511
217575
157294
192622
200494
105064
128144
239312
130881
182145
238977
188422
114882
115458
208521
104718
247758
266777
125272
67477
236245
132207
210883
105704
168298
223341
237155
85073
150931
121967
75762
136478
200338
266943
68209
65279
268415
235581
65273
89081
112505
263258
117682
115198
150142
112952
251962
65110
131926
139990
168598
62765
245630
201277
216253
305078
268600
167034
167994
100788
