102368
43464
100916
195764
116748
122155
115094
305078
212908
105064
143472
200545
95171
105704
93750
64564
147017
56221
218307
79415
219575
306963
168093
202708
106954
152650
61493
167976
154268
180702
237930
112952
210756
148926
130894
65110
131926
139990
168598
128144
189392
239312
301712
100788
68044
198854
65321
92323
305978
180327
136478
188422
245630
209250
200338
235620
210883
67477
104804
130532
99232
132207
65279
268415
235851
65273
89081
112505
201277
216253
104718
121967
239663
267119
139258
170501
266777
150931
264141
87443
257747
167034
101877
182145
263258
115458
174289
133599
235581
62765
211181
257337
233937
74823
199999
192622
35645
171197
175421
223341
