167976
178987
252043
128144
201776
210801
150931
178291
235964
241052
178563
143472
136478
245630
112505
239663
267119
313293
301061
124445
171197
205757
145855
216502
217366
200308
242260
313740
87443
257747
306803
111870
260946
147490
235426
127832
294125
230708
241076
264008
273032
264423
105886
108382
115198
95171
175331
284195
161183
268415
167104
307072
190070
305078
149989
188422
118410
164490
237930
134999
219575
68209
176019
306963
206742
66840
104804
185030
180809
274889
240276
130894
157294
192622
214965
140272
272560
182891
99705
257337
296889
143537
163758
178873
125365
302293
217434
210756
130666
152650
137793
209250
133048
203128
282780
150746
274586
305978
154941
266781
