245852
279428
53633
65273
85337
118409
143537
270737
128144
169736
257264
312320
107901
170445
312549
100560
143472
262968
156043
210883
213907
266947
118770
167034
268362
276570
297234
64822
105886
192622
198862
211894
238030
266782
219575
239663
275495
282335
145855
166903
173599
250279
252343
282631
167402
214178
240866
241082
267026
305978
210756
235620
268572
306804
313740
128965
150733
187957
201277
212173
270133
150411
218307
268323
268419
299715
149573
170501
210797
217840
238816
273016
293512
307072
64564
121281
210801
238977
87443
95171
133043
182891
211091
270779
270971
106954
117682
159298
168058
212914
243418
169638
162793
166585
188737
268585
148551
193047
270807
167030
