210756
180809
132907
178987
178291
267571
201277
238028
301552
135995
152650
302293
210801
274833
167104
307072
196204
200338
66840
189415
232137
128144
201776
145855
87443
257747
214965
150746
305978
167976
168604
64766
136478
274143
127832
305078
176019
306963
170500
143472
134999
219575
151768
208504
134159
239663
267119
161183
268415
241076
116748
203340
313740
210799
118410
149610
237930
105064
104804
268580
95171
175331
284195
163758
247758
137793
169377
182145
209250
171197
205757
282780
65110
217366
105886
108382
268414
99705
296889
111870
122705
157457
167878
188422
235964
167803
244827
68209
303697
147490
154941
182891
242260
168121
178873
245017
130894
157294
212175
242511
