237932
245852
279428
100560
143472
262968
219575
219815
239663
275495
282335
118770
167034
177066
268362
276570
297234
53633
65273
85337
118409
143537
157457
180809
270737
156043
210883
213907
266947
107901
170445
312549
192622
211894
238030
266782
167402
214178
240866
267026
305978
150411
218307
268419
299715
95171
133043
182891
211091
270779
270971
128965
187957
201277
270133
64564
168004
268420
145855
173599
250279
252343
282631
210756
235620
268572
306804
313740
162793
188737
268585
272558
128144
147560
257264
312320
148551
193047
270807
121281
123633
208521
210801
238977
106954
117682
139258
159298
168058
212914
243418
149573
170501
171197
210797
290526
217840
238816
293512
307072
