167976
169736
170501
178987
137793
182145
293512
214965
157457
210801
274833
294125
127832
64766
188422
95171
175331
284195
163655
204193
68209
303697
99705
237273
257337
296889
135995
176019
306963
240276
130894
235854
235964
126682
143472
210756
125365
302293
180809
189161
241076
188736
263808
87443
257747
313740
65110
134134
217366
106954
152650
104804
150931
178291
219575
190070
305078
108382
115198
122704
130672
232137
111870
145855
185030
66840
128144
201776
95619
200308
210772
242260
150746
305978
171615
210861
282780
167389
201277
182891
82639
59584
167104
209250
168604
239663
267119
161183
268415
133048
208504
154941
235581
266781
149989
168121
178873
169853
171197
205757
