122704
313740
240276
190070
145855
169375
104804
219575
130894
152398
157294
185030
242260
105886
108382
115198
143472
198768
235964
210756
147490
208504
239314
167976
171197
205757
143537
157457
235854
247758
128144
201776
118410
168121
178873
134159
239663
267119
95171
175331
284195
137793
182145
264423
167878
188422
130666
152650
128965
149989
101877
214965
176019
306963
171615
274143
178987
99705
237273
257337
296889
201277
168604
135995
68209
180809
189161
241076
111870
65110
134134
217366
66840
170500
150746
305978
210801
87443
257747
125365
302293
161183
268415
154941
235581
266781
59584
167104
127832
64766
136478
245630
282780
126682
273266
99137
232137
212175
242511
182891
