221512
152650
117682
93750
64564
167976
144101
189161
228498
150931
157294
200494
106300
214807
35645
171197
175421
65279
268415
85073
68209
169033
147017
104718
198349
170501
264141
237930
210756
188422
100916
133048
79415
219575
105704
137511
217575
100788
130894
152398
212908
245630
136478
147490
111788
62765
211181
65110
131926
139990
168598
139137
182145
208641
263258
200545
68310
71574
105064
67477
235851
235620
79521
95171
167034
112952
143472
116748
182982
128144
239312
148926
223341
306963
257337
121967
239663
267119
115094
123409
174289
114882
115458
251962
154091
182891
132207
127662
92323
235581
201277
216253
56221
210883
209250
65273
89081
130532
218307
74823
