64822
175366
235988
96631
239663
267119
108382
266782
196927
220591
152650
227146
240586
284016
111870
235854
247758
210801
238977
132003
149907
218307
248115
266883
268419
288579
306963
189161
192668
217388
246332
266972
210802
245736
210756
214178
222728
167104
217840
267328
271216
128144
239312
197642
245018
274586
305978
146137
161833
166585
112291
143537
99705
64564
268420
316084
171197
196157
284285
133048
249640
64766
272558
89082
276570
280746
265883
270971
140781
198861
268317
149573
168005
246965
132207
246879
249519
83334
159654
169638
106871
245207
195132
282780
286476
299868
313740
268539
282882
297234
95171
185027
284195
167029
150733
201277
136267
156043
233617
270193
