106954
152650
167034
188422
71054
130894
152398
128144
239312
62128
137511
217575
219575
122155
245630
209250
132207
104804
74823
201277
216253
266943
133599
208521
64564
105064
214807
235615
268415
150931
100340
100916
268600
305978
105704
116748
136478
210756
101877
105886
154268
189212
237930
280746
174289
176194
65110
131926
168598
143472
284016
124376
167976
200545
112952
121967
293071
115094
146481
75762
236245
128965
102368
255104
182145
65273
77561
112505
305078
95171
220228
235581
100788
43464
56221
115458
235851
68310
257337
266745
198349
176019
306963
171197
175421
157294
192622
115198
199999
278719
218307
192452
253275
266781
104718
247758
87443
264141
170501
210883
