100560
143472
262968
279096
107901
170445
312549
156043
210883
213907
237356
245852
279428
118770
167034
268362
276570
297234
217840
238816
273016
293512
307072
53633
65273
85337
118409
143537
157457
270737
301553
105886
192622
211894
266782
219575
239663
275495
282335
64564
168004
268420
218307
267123
268323
268419
299715
306963
162793
166585
188737
268585
166903
250279
252343
282631
210756
235620
269988
167402
214178
240866
267026
305978
128144
154952
169736
312320
128965
150733
163501
201277
212173
270133
149573
170501
210797
95171
133043
182891
211091
270779
270971
121281
208521
210801
238977
169638
301254
167030
231878
272558
148551
193047
270807
106954
117682
159298
168058
243418
