100788
117682
305078
76414
115198
268414
128144
189392
239312
152262
235620
143472
284016
95171
134159
204815
85337
131926
139990
168598
157878
152650
218307
154183
208521
235581
174289
114365
171197
175421
136478
188422
205318
68310
159377
244827
150931
247758
149138
220228
124445
266634
130894
152398
104804
130532
209250
167976
161452
201776
115094
128150
105886
168094
157294
192622
170445
264141
182145
154268
105064
257746
237930
195738
67477
236017
257337
112952
245630
100340
148926
305978
200545
182891
132207
201277
167029
56221
214807
196377
64564
75762
65273
89081
65279
268415
263258
115458
210803
306963
219575
199999
241087
170501
113517
223341
132907
121967
267119
217575
