100788
167034
208504
268600
115458
210756
198349
35645
171197
175421
305978
301120
274833
62765
76414
115198
104718
247758
188422
218307
68044
170501
220228
106954
152650
128144
239312
51078
182982
208521
43464
154268
237930
143472
130894
152398
200338
167976
115094
209250
157294
192622
75762
104804
130532
245630
64564
181876
112952
257336
235620
100916
16832
168093
85337
65110
131926
139990
168598
150932
263258
199999
278719
219575
178677
305078
257747
264141
85073
68310
130978
266943
258677
201277
216253
183593
192813
223341
121967
239663
92323
180327
217575
200545
132207
182891
136478
165647
235851
95171
235581
65273
89081
112505
182145
268415
74823
174289
306963
56221
