210756
130894
43464
128144
239312
106954
152650
139866
237930
219366
305078
79415
217575
147555
150931
95171
56221
234973
209250
64564
263258
76923
266745
68209
74823
76987
167029
139258
188422
167976
226286
305978
117682
221512
189161
75762
148926
136478
143472
284016
100916
65110
131926
139990
168598
172624
239440
112952
114882
115458
200545
67477
85337
266777
168093
182145
238977
245630
104804
130532
99232
121967
174289
132207
115094
201277
216253
210883
100788
101877
201776
159377
115198
124445
62765
235581
133599
293071
198349
257747
264141
266943
170501
218307
306963
79521
241087
278719
171197
175421
157102
157294
65279
188735
268415
61493
65273
89081
112505
223341
