114818
116748
43464
104718
235854
305978
85337
101877
199999
115458
93750
157878
115094
117682
235620
100916
266943
176121
257337
180702
148926
150931
176019
306963
214807
174289
85073
65110
131926
139990
168598
263258
56221
75762
95171
74823
264141
182145
128144
189392
239312
133599
210756
35645
114365
175421
192125
219575
106954
152650
245630
239440
223341
217575
198349
235581
65279
268415
65273
89081
112505
112952
124445
130894
198862
62765
92323
121967
239663
170501
218307
87443
257747
168093
157294
192622
200494
237930
208504
167034
167976
64564
200545
144101
154268
99232
132207
124376
195738
200338
62196
100788
143472
176556
209250
141478
104804
130532
201277
216253
