167191
198151
83334
159654
169638
106871
245207
64766
272558
148551
222728
270971
197642
245018
274586
305978
210802
89081
189161
99705
111909
276570
280746
111870
235854
247758
245736
102212
235988
210801
238977
112291
213907
146137
192668
246332
266972
64822
175366
133048
152650
227146
240586
196927
220591
156043
149907
155811
218307
248115
266883
268419
288579
306963
95171
185027
284195
239663
267119
268415
167029
210756
250260
143537
282882
297234
108382
246622
266782
167104
217840
267328
271216
233617
267025
270193
64564
268420
316084
149573
168005
246965
282780
286476
299868
313740
150733
201277
128144
239312
119709
140781
198861
268317
222795
268539
196157
284285
246879
249519
