143472
198768
237273
257337
296889
270317
294125
152650
151542
167803
128965
149989
167104
137793
169377
182145
161183
268415
111870
204193
182891
171197
205757
168121
178873
87443
257747
128144
201776
167976
178386
180809
189161
170500
133048
65110
134134
217366
210756
64766
136478
176019
306963
95171
175331
284195
190070
305078
135995
122704
66840
118410
268554
68209
303697
82639
185030
232137
219575
143537
157457
125365
302293
104804
178987
150931
178291
214965
235964
134159
239663
267119
201277
235854
247758
147910
167878
188422
127832
274143
210772
242260
105886
108382
115198
191223
130894
157294
313740
188736
263808
209250
145855
240276
305978
154941
182205
235581
266781
168604
