112291
111909
196927
220591
156043
106871
245207
196157
284285
64766
272558
167029
268539
95171
185027
269987
284195
284016
210802
235988
146137
161833
166585
192668
245852
246332
266972
140781
198861
268317
64822
175366
89081
189161
222728
111870
247758
210756
250260
282882
297234
245736
133048
249640
132207
133599
246879
249519
133499
265883
270971
239663
267119
268415
149907
218307
248115
266883
268419
288579
306963
198151
149573
168005
246965
167104
217840
267328
271216
99705
152650
227146
240586
64564
316084
183420
282780
286476
313740
197642
245018
274586
305978
214178
83334
159654
169638
197958
276570
280746
210801
238977
150733
201277
128144
239312
108382
266782
233617
270193
