245630
64564
181876
257336
237930
147490
143472
131926
139990
168598
305078
139642
251962
208521
130894
152398
253275
192622
236021
105064
182891
200545
144101
85073
124445
150931
119377
174289
306963
235620
214807
167034
167994
172624
152650
56221
127662
133048
208504
268600
176616
182982
84702
115198
219575
171197
175421
101877
278719
95171
87443
257747
266781
121281
182145
132207
209250
218307
161452
170501
130532
92323
62765
221165
65279
268415
167397
128965
74823
264141
100916
195764
235854
128144
239312
244112
93574
188422
201277
216253
266943
168094
202708
96160
136478
223341
123633
217575
210883
235581
65273
89081
112505
16832
305978
115458
121967
210756
148926
94972
