305978
209250
221512
112952
200338
257746
150932
141478
217575
133599
101877
178677
116748
182982
85094
62765
211181
133043
235581
293071
201277
306963
223341
210756
167976
154268
128144
239312
130894
152398
198862
68310
71574
136478
237930
104804
130532
152650
235620
79415
106871
219575
100916
195764
200545
112039
123409
174289
87443
99232
127264
285902
168298
95171
182145
170501
105704
208504
114882
115458
54514
257337
144101
121967
267119
100788
198516
93120
235854
79521
65110
131926
139990
168598
148926
192622
85337
132207
56221
143472
284016
245630
171197
175421
208828
65273
89081
112505
65279
188735
268415
167034
167994
218307
90326
115094
263258
64564
181876
74823
