53633
65273
85337
118409
143537
157457
270737
107901
170445
312549
219575
239663
275495
282335
118770
167034
177066
217434
268362
276570
297234
100560
143472
148551
193047
270807
150733
187957
201277
270133
210756
235620
268572
313740
166903
173599
250279
282631
167402
214178
240866
267026
305978
192622
211894
238030
266782
149573
170501
210797
121281
210801
238977
106954
117682
168058
212914
243418
271642
128144
154952
169736
257264
312320
217840
238816
273016
293512
307072
95171
133043
182891
211091
270779
270971
169638
235854
64564
168004
268420
167030
150932
203156
237356
245852
279428
162793
166585
176761
188737
268585
156043
210883
213907
266947
150411
218307
268323
268419
299715
