53633
65273
85337
118409
143537
157457
270737
301553
150932
237356
245852
279428
107901
170445
312549
210756
235620
268404
269988
306804
100560
143472
262968
156043
210883
213907
219575
239663
275495
282335
118770
167034
177066
217434
268362
276570
297234
192622
198862
211894
238030
266782
150411
218307
267123
268323
268419
299715
64564
168004
162793
188737
268585
169638
167402
214178
240866
267026
305978
250279
252343
282631
167030
272558
106954
117682
168058
236458
243418
128144
147560
154952
169736
257264
312320
149573
170501
171197
210797
95171
133043
182891
211091
270779
270971
217840
238816
293512
307072
148551
193047
270807
121281
210801
238977
128965
150733
163501
201277
270133
