182891
170501
178563
238592
128144
201776
214965
235989
188422
99705
257337
176019
306963
200338
210801
274833
125365
154069
191893
302293
154941
235581
178386
150746
305978
111870
212175
65110
169736
140272
241076
239663
267119
95171
175331
284195
168604
211804
313740
137793
169377
182145
210861
178987
168121
178873
124445
169853
171197
205757
135995
145855
219575
245303
122705
143537
167976
196204
180809
274889
64766
136478
245630
235854
127832
104801
242260
130018
147490
167104
89080
133048
151768
171615
109129
263808
68209
74545
73670
118410
164490
237930
268554
130894
157294
108382
115198
266782
268414
257747
143472
282780
130666
152650
100788
240276
190070
305078
161183
268415
