274833
112505
154941
266781
257747
171197
205757
305978
150931
268415
264423
143537
157457
267665
125365
130894
157294
143472
238028
210852
263808
133048
219575
190070
188422
168121
178873
101877
214965
235989
238592
241076
209250
111870
239663
267119
108382
115198
163655
104801
65110
134134
216502
217366
180809
189161
95171
175331
183203
284195
95013
200308
210772
242260
64766
136478
245630
178386
100788
240276
130672
235964
294125
152650
169736
147490
178987
145855
169375
137793
182145
210861
167976
167104
307072
273266
128144
201776
232137
256186
182891
189415
212172
313740
127832
170501
135995
201277
68209
74545
116881
303697
118410
73670
99705
237273
257337
171615
176019
306963
