167976
196204
232137
264008
273032
210801
274833
178987
152650
150931
178291
127832
307072
125365
191893
302293
274143
95171
284195
294125
123627
275115
214965
150746
305978
145855
268554
128144
201776
235964
241052
245852
230708
178386
260946
189683
257747
176019
306963
264423
99705
237273
257337
170500
136478
245630
108382
115198
168121
178873
124445
171197
205757
133048
197560
143537
104804
198788
239663
267119
161183
268415
143472
284016
167878
190730
182891
68209
219575
137793
169377
182145
122704
272560
203340
212172
313740
180809
274889
242260
154941
182205
147490
207574
217366
242620
190070
305078
111870
282780
130894
152398
198862
256186
195942
242511
239314
235854
112505
244827
