178677
214965
124445
171197
205757
219575
130894
152398
118410
237930
105064
178873
201277
176019
306963
68209
130666
152650
235854
122705
143537
143472
147490
210852
185030
66840
190070
137793
169377
182145
239663
267119
180809
95171
115235
175331
183203
278339
284195
132907
178987
264423
100788
240276
150746
305978
178386
133048
151768
111870
105886
108382
266782
65110
134134
217366
167976
145855
191893
167803
210801
87443
189683
257747
241076
268415
235964
154941
182205
171615
200338
239314
99705
257337
135995
242260
64766
136478
104804
127832
273266
116748
313740
307072
140272
272560
169736
264008
189415
170501
182891
128144
201776
212175
242511
282780
167878
188422
209250
95013
