53633
65273
85337
118409
143537
157457
270737
245852
279428
100560
143472
262968
65157
107901
170445
312549
219575
219815
239663
275495
282335
118770
167034
177066
268362
276570
297234
156043
210883
213907
105886
192622
198862
211894
238030
266782
128965
201277
212173
270133
128144
169736
257264
312320
121281
210801
238977
87443
95171
133043
182891
211091
270779
270971
106954
117682
139258
159298
168058
212914
236458
243418
166903
250279
282631
167402
214178
240866
267026
305978
150411
218307
267123
268323
268419
299715
64564
168004
268420
167030
272558
149573
170501
171197
210797
169638
162793
166585
268585
210756
235620
268572
313740
148551
193047
270807
217840
238816
293512
307072
