245736
197642
245018
274586
305978
64822
111909
220591
146137
161833
210756
250260
276570
192668
217388
245852
266972
136267
156043
132207
246879
249519
150733
201277
111870
235854
268539
112291
128144
239312
102065
143537
106871
245207
102212
149573
168005
246965
132003
149907
218307
266883
268419
288579
306963
270971
210801
238977
148069
167029
89081
112505
189161
251730
282882
297234
95171
167699
185027
269987
284195
284016
64766
172574
272558
183420
282780
299868
313740
222728
83334
159654
169638
210802
64564
316084
214178
152650
227146
240586
196157
284285
239663
267119
268415
133048
249640
198861
268317
108382
266782
198151
99705
196377
167104
267328
271216
174289
233617
270193
