105886
192622
211894
238030
266782
100560
143472
262968
118770
167034
177066
268362
276570
297234
219575
239663
275495
282335
156043
210883
213907
107901
170445
312549
53633
65273
85337
118409
143537
270737
150411
218307
267123
268323
268419
299715
149573
170501
171197
210797
245852
279428
95171
133043
182891
211091
270779
270971
194532
210756
235620
269988
306804
313740
167402
214178
240866
267026
305978
121281
208521
210801
238977
250279
252343
282631
64564
168004
268420
187957
201277
270133
169638
217840
238816
273016
293512
307072
148551
193047
270807
106954
117682
139258
152650
159298
168058
212914
236458
243418
128144
154952
169736
312320
75649
162793
166585
176761
188737
268585
