95171
175331
284195
137793
169377
182145
239663
267119
145855
178987
167878
188422
180809
189161
74823
264423
111870
282780
64766
136478
245630
178873
245017
125365
302293
154941
235581
140272
154268
235964
133048
235854
169853
171197
205757
65110
134134
217366
150931
267571
143537
313740
219575
214965
235989
127832
178386
150746
305978
212175
178563
196204
209250
170501
167976
241076
130018
147490
105064
273266
169736
273032
118410
149610
237930
286410
268415
257747
152650
167803
210801
274833
232137
112505
167104
179008
128144
201776
182891
143472
210756
130894
181997
212333
99137
104801
176019
306963
68209
99705
257337
171615
64564
200308
242260
117398
190070
108382
115198
268414
