239663
267119
268415
108382
246622
266782
133048
265883
270971
99705
268539
64822
175366
167029
237996
282780
286476
299868
313740
152650
227146
198151
250279
167104
217840
267328
271216
196157
284285
111870
235854
247758
196927
220591
210801
238977
245736
149907
218307
248115
266883
268419
288579
306963
214178
136267
156043
89081
189161
128144
118433
143537
64564
268420
316084
192668
217388
245852
246332
266972
132207
246879
249519
197642
245018
274586
305978
149573
168005
192437
95171
185027
284195
64766
272558
106871
245207
210756
250260
102212
235988
282882
297234
112291
276570
280746
210802
159654
169638
150733
201277
146137
161833
166585
140781
198861
268317
233617
267025
270193
