102065
143537
112291
213907
171197
196157
284285
268539
236123
270971
152650
227146
240586
96631
167191
198151
183420
282780
286476
313740
64766
272558
276570
280746
149907
218307
248115
266883
268419
288579
306963
106871
245207
111909
192668
246332
266972
128144
239312
197642
245018
274586
305978
108382
246622
266782
198861
268317
210802
102212
210756
245736
136267
156043
167029
99705
222728
95171
185027
269987
284195
64564
268420
316084
150733
201277
167104
217840
267328
271216
83334
159654
169638
214178
146137
161833
166585
196927
220591
239663
267119
89081
189161
149573
168005
246965
246879
249519
282882
297234
133048
111870
235854
247758
210801
238977
64822
233617
267025
270193
