53633
65273
85337
118409
143537
157457
270737
219575
219815
239663
275495
282335
192622
198862
211894
238030
266782
118770
167034
177066
268362
276570
297234
156043
210883
213907
128144
154952
169736
312320
128965
201277
212173
270133
217840
238816
273016
293512
307072
107901
170445
312549
150411
218307
267123
268323
268419
299715
148551
193047
270807
100560
143472
262968
237356
245852
279428
166903
173599
250279
252343
282631
121281
210801
213849
238977
95171
133043
182891
211091
270779
270971
167030
272558
210756
235620
268572
169638
167402
214178
240866
267026
305978
106954
117682
139258
159298
210802
212914
236458
243418
149573
170501
171197
64564
168004
162793
166585
188737
268585
