1044928
402217
1015993
280408
643720
698536
1097740
357531
661611
1059291
1096011
636157
664093
649284
1001508
643251
1025811
702853
518635
662635
676603
1007995
108624
645648
1086054
636737
1007585
1041809
649210
640859
642491
642614
702854
1122518
642465
661665
280436
661988
638611
672245
758405
1107701
642510
649854
662190
695406
758958
663583
676430
777230
998606
1009454
991907
646290
997938
640018
644578
1070002
645457
115241
644921
649241
660329
1073129
401877
482709
643173
646629
1011429
244774
642550
678166
622420
640637
645917
254927
642479
660239
155432
661400
657450
642862
645646
645694
1077022
642537
1041417
111468
323007
640863
642783
1121295
515984
646256
665216
692624
1013168
697831
1018615
1021639
