642862
642614
1122518
401877
482709
645917
640018
686674
1070002
357531
644578
676430
998606
1009454
645694
1077022
518635
662635
642465
661665
108624
645648
642537
1041417
649854
643251
1025811
280408
622420
636737
1007585
213777
1068956
684216
640859
642491
1085147
672245
1107701
1015993
644921
661611
1096011
646290
997938
702854
661071
907983
1121295
660237
1029196
1097740
676603
1007995
646256
692624
1013168
643720
1037442
758405
991907
1018615
323007
638611
115241
660329
1073129
1044928
115674
280436
646629
1011429
1086054
642510
662190
695406
758958
642550
678166
649274
645632
665216
702944
661400
155432
480826
649210
657450
660679
697831
1021639
254927
642479
268337
1041809
649284
1001508
702853
636157
664093
