640859
642491
254927
642479
660239
515984
646256
665216
692624
1013168
622420
642465
661665
640637
645917
697831
1018615
1021639
649284
1001508
244774
642550
678166
676430
777230
998606
1009454
636157
664093
401877
482709
643173
646629
1011429
642510
649854
662190
695406
758958
640018
644578
1070002
1044928
280408
643720
698536
991907
323007
640863
642783
1121295
108624
645648
645457
646290
997938
638611
649210
636737
1007585
1041809
402217
1015993
357531
661611
1059291
1096011
518635
662635
676603
1007995
155432
661400
657450
1086054
115241
644921
649241
660329
1073129
672245
758405
1107701
1097740
280436
661988
111468
642614
702854
1122518
643251
1025811
642862
645646
645694
1077022
663583
702853
642537
1041417
