1015993
642491
642465
661665
1097740
642862
646290
649854
702854
758405
660554
115674
1018615
676603
1007995
108624
645648
684216
480826
649210
402217
638611
646256
195548
665216
640018
686674
1041417
1122518
401877
482709
636737
642510
642479
645694
1007585
254927
660239
1096011
645917
115241
660329
1073129
1044928
661611
646629
1011429
649241
644578
642783
1025811
676430
777230
998606
640859
622420
1009454
649284
642537
518635
662635
657450
661400
268337
280408
664093
660235
1086054
695406
758958
642614
280436
1063988
642550
636157
155432
702853
1077022
213777
212537
644921
1001508
647830
678166
323007
643720
642502
649274
515984
692624
1041809
991907
643251
672245
1107701
357531
661071
1121295
660679
1021639
