518635
662635
660679
1021639
662161
676603
1007995
646256
692624
1013168
649210
401877
482709
640018
686674
661611
1096011
642862
646290
997938
657450
1086054
640859
642491
1085147
644578
642465
661665
213777
280436
115674
268337
1041809
1015993
254927
642479
660239
1037442
1018615
646629
1011429
645917
661400
642550
678166
323007
642510
662190
695406
758958
758405
642614
1122518
642502
684216
1044928
991907
645694
1077022
280408
702853
644921
649241
643251
1025811
676430
998606
1009454
645632
665216
702944
357531
636737
1007585
702854
907983
1121295
155432
649284
1001508
642537
1041417
672245
1107701
108624
645648
638611
1029196
1097740
622420
649854
660237
636157
664093
643720
698536
115241
660329
1073129
649274
