1086054
649284
1001508
636157
664093
640859
642491
357531
661611
1059291
1096011
115241
644921
649241
660329
1073129
280436
661988
991907
640018
644578
1070002
401877
482709
643173
646629
1011429
155432
661400
642465
661665
638611
657450
280408
643720
698536
244774
642550
678166
518635
662635
676603
1007995
642537
642614
702854
1122518
515984
646256
665216
692624
1013168
646290
997938
663583
702853
1097740
642862
645646
645694
1077022
672245
758405
1107701
643251
1025811
1044928
622420
645457
662161
649210
636737
1007585
1041809
676430
777230
998606
1009454
323007
640863
642783
1121295
642510
649854
662190
695406
758958
402217
1015993
254927
642479
660239
697831
1018615
1021639
111468
640637
645917
108624
645648
