649284
702944
1097740
664093
1009454
649274
643251
649854
642614
108624
645648
195548
660679
1021639
661611
642479
622420
991907
280408
645694
649241
1018615
1044928
213777
115674
401877
482709
1096011
642465
661665
649210
662190
695406
758958
402217
661400
644921
636737
254927
660239
268337
676603
1007995
657450
1007585
644578
221170
643720
660235
676430
777230
998606
646290
515984
692624
636157
672245
1107701
642510
1001508
702854
646256
1013168
642491
642550
1077022
280436
1063988
1086054
640859
643163
642862
702853
678166
661071
1121295
684216
665216
1041809
642537
357531
645917
373538
1015993
155432
115241
660329
1073129
1041417
638611
642502
1025811
518635
662635
643173
646629
1011429
640018
686674
663583
