672245
1107701
636737
1007585
991907
645632
665216
702944
684216
702854
108624
645648
1044928
646290
997938
640018
686674
1070002
518635
662635
642537
1041417
642465
661665
676603
1007995
357531
280408
642510
662190
695406
758958
622420
661611
1096011
676430
998606
1009454
213777
638611
1037442
323007
663583
642614
1122518
646256
692624
1013168
280436
643251
1025811
401877
482709
1068956
645917
642862
662161
640859
642491
1085147
649210
155432
646629
1011429
1086054
661400
644578
661071
907983
1121295
758405
907685
660237
643720
115241
660329
1073129
660679
1021639
254927
642479
660239
644921
657450
649284
1001508
642550
678166
1015993
1097740
268337
1041809
649274
649854
636157
664093
645694
1077022
115674
1018615
