642510
401877
482709
649284
649274
643720
221170
268337
642862
660679
1021639
254927
660239
649854
642502
758405
702854
213777
702853
991907
280436
115674
642614
622420
1025811
645917
646256
1007585
644578
402217
155432
1086054
1097740
1001508
657450
695406
758958
108624
645648
645694
646290
1009454
673642
647830
678166
676430
777230
998606
480826
649210
1044928
357531
643251
665216
661611
186779
640859
643163
664093
672245
1107701
115241
660329
1073129
518635
662635
1041809
1015993
642491
638611
636157
1018615
640637
642465
661665
642479
323007
661071
1121295
680247
661400
642537
515984
692624
1096011
642550
640018
686674
1077022
660554
684216
636737
676603
1007995
646629
1011429
110105
280408
644921
1041417
