676430
777230
998606
1009454
401877
482709
643173
646629
1011429
643251
1025811
646290
997938
657450
697831
1018615
1021639
1086054
155192
155432
661400
640637
645917
658205
642465
661665
1097740
115241
644921
649241
660329
1073129
280436
661988
991907
515984
646256
665216
692624
1013168
672245
758405
1107701
402217
1003561
1015993
244774
642550
678166
649210
280408
643720
698536
108624
645648
642614
702854
1122518
642537
518635
662635
676603
1007995
640018
644578
1070002
636157
664093
640859
642491
622420
642839
636737
1007585
1041809
323007
642783
1121295
663583
254927
642479
660239
642862
645646
645694
1077022
649284
1001508
638611
642510
649854
662190
695406
758958
1044928
357531
661611
1059291
1096011
645457
