280436
644578
649854
115674
155432
642614
661612
678166
622420
649284
661400
1041417
643036
1018615
991907
1025811
1096011
702853
518635
662635
660235
636157
323007
515984
692624
268337
660554
664093
646629
1011429
728999
661611
254927
660239
907685
1007995
663583
638611
1041809
684216
644921
1037442
640637
645694
1009454
108624
645648
662160
732816
1077022
695406
758958
649241
702944
649274
642862
1086054
646290
702854
1097740
640018
686674
357531
676430
777230
998606
646256
643720
907983
1121295
640859
636737
221170
1008562
642510
1001508
665216
1044928
657450
649210
402217
645917
280408
642537
1007585
642465
661665
1015993
642491
401877
482709
115241
660329
1073129
1021639
642479
642502
672245
1107701
643251
