280436
661988
1044928
108624
645648
323007
640863
642783
1121295
636737
1007585
1041809
638611
642614
702854
1122518
642465
661665
645457
640859
642491
1097740
254927
642479
660239
642537
1041417
1086054
1018615
1021639
402217
1015993
642510
649854
662190
695406
758958
642862
645646
645694
1077022
518635
662635
676603
1007995
663583
649210
657450
622420
515984
646256
665216
692624
1013168
702853
244774
642550
678166
640018
644578
1070002
115241
644921
649241
660329
1073129
636157
664093
401877
482709
643173
646629
1011429
640637
645917
646290
997938
280408
643720
698536
357531
661611
1059291
1096011
155192
155432
661400
672245
758405
1107701
649284
1001508
991907
676430
777230
998606
1009454
111468
643251
1025811
