646290
640018
686674
1122518
213777
642550
657450
649274
155432
646256
1013168
695406
758958
1009454
645694
1015993
1037442
661611
268337
1025811
660554
676603
1007995
1018615
758405
642479
115241
660329
1073129
1044928
515984
692624
642510
660679
1021639
1121295
1096011
402217
1070002
1041809
663583
642783
518635
662635
642537
640859
636737
643251
644578
678166
672245
1107701
676430
777230
998606
1001508
702853
643720
1086054
401877
482709
642491
644921
195548
649210
108624
645648
662160
638611
622420
649241
661400
649284
254927
660239
646629
1011429
649854
642614
702854
357531
280408
642862
373538
280436
1063988
642465
661665
665216
1077022
1041417
642502
1007585
684216
115674
1097740
991907
664093
645917
642839
