108624
645648
642862
401877
482709
643720
698536
640859
642491
1085147
640018
686674
1070002
644921
646256
692624
1013168
645694
1077022
1029196
1097740
702853
642614
1122518
702854
642479
991907
649274
642550
678166
642465
661665
649284
1001508
1018615
323007
661611
1096011
672245
1107701
213777
646290
997938
1015993
643251
1025811
622420
280408
665216
702944
115674
357531
642537
1041417
638611
1037442
280436
643173
646629
1011429
480826
649210
115241
660329
1073129
645917
1068956
657450
661071
907983
1121295
649854
636737
1007585
155432
644578
660679
1021639
1086054
676430
998606
1009454
661400
645457
676603
1007995
636157
664093
518635
662635
758405
907685
268337
1041809
642510
662190
695406
758958
1044928
684216
