115241
644921
649241
660329
1073129
401877
482709
643173
646629
1011429
480826
649210
515984
646256
665216
692624
1013168
702853
646290
997938
518635
662635
676603
1007995
254927
338735
642479
1086054
638611
676430
777230
998606
1009454
649284
1001508
672245
758405
1107701
697831
1018615
1021639
991907
636737
1007585
1041809
642862
645646
645694
1077022
622420
357531
661611
1059291
1096011
244774
642550
678166
636157
664093
642510
649854
662190
695406
758958
640859
642491
280408
643720
698536
323007
642783
1121295
1097740
640018
644578
1070002
657450
642465
661665
642537
642614
702854
1122518
663583
1044928
402217
1015993
643251
1025811
108624
645648
280436
661988
640637
645917
155192
155432
661400
645457
111468
