401877
482709
640859
642491
1085147
643720
698536
642862
115674
660679
697831
1021639
638611
268337
1041809
702853
213777
676603
1007995
280408
661071
907983
1121295
1068956
108624
645648
642614
1122518
1097740
684216
646256
692624
1013168
636157
664093
642510
662190
695406
758958
280436
649854
642465
661665
991907
676430
777230
998606
1009454
702854
661611
1096011
649210
644921
642479
636737
1007585
646290
997938
323007
672245
1107701
642537
1041417
518635
662635
642550
678166
643251
1025811
649284
1001508
644578
649274
665216
702944
357531
155432
645694
1077022
115241
660329
1073129
1044928
645917
1086054
622420
643173
646629
1011429
661400
640018
686674
1070002
1018615
758405
907685
1015993
1037442
660237
657450
