644578
155432
665216
702944
640859
642491
1085147
280436
115674
660237
643251
1025811
660679
1021639
644921
649241
1097740
991907
702854
254927
642479
660239
642614
1122518
676603
1007995
642465
661665
622420
645917
636737
1007585
1015993
280408
1044928
1018615
515984
646256
692624
1013168
357531
1059291
1086054
646629
1011429
1037442
661071
907983
1121295
661611
1096011
661400
649274
642537
1041417
518635
662635
642550
678166
649284
1001508
323007
213777
676430
998606
1009454
758405
401877
482709
649210
684216
649854
640018
686674
657450
638611
702853
646290
997938
642862
645694
1077022
642510
662190
695406
758958
115241
660329
1073129
672245
1107701
108624
645648
268337
1041809
643720
698536
636157
664093
642502
