649284
1001508
244774
642502
642550
642862
645694
678166
1077022
108624
645648
662160
254927
642479
660239
115241
636737
644921
649241
660329
1041809
1073129
640637
645917
672245
758405
907685
1107701
280436
661988
401877
482709
643173
646629
1011429
155432
515984
645632
646256
661400
665216
692624
702944
1013168
622420
1097740
115674
646290
657450
997938
663583
1018615
1021639
642465
642537
661665
1041417
518635
638611
660571
662635
676603
1007995
640859
642491
991907
640018
644578
649210
686674
636157
664093
702853
280408
643720
1044928
642614
676430
777230
998606
1009454
642510
649854
662190
695406
758958
1086054
357531
643251
661611
1025811
1096011
323007
642783
661071
907983
1121295
649274
402217
1015993
