991907
649284
1001508
672245
758405
1107701
244774
642550
678166
622420
657450
280436
661988
676430
777230
998606
1009454
663583
636737
1007585
1041809
642839
1044928
515984
646256
665216
692624
1013168
254927
642479
660239
660679
1018615
1021639
280408
643720
698536
1086054
643251
1025811
642614
702854
1122518
518635
662635
676603
1007995
642510
649854
662190
695406
758958
640018
644578
1070002
638611
646290
997938
640859
642491
642465
661665
401877
482709
643173
646629
1011429
642537
1097740
155192
155432
661400
357531
661611
1059291
1096011
111468
642862
645646
645694
1077022
115241
644921
649241
660329
1073129
108624
645648
636157
664093
649210
402217
1015993
645457
640637
645917
323007
640863
642783
1121295
