642862
642614
684216
280436
657450
515984
692624
644578
646290
695406
758958
664093
690003
1025811
638611
645917
401877
482709
660571
758405
642491
642479
643251
1007585
636157
357531
645694
646256
642510
649284
702854
1097740
642550
672245
1107701
647830
678166
221170
643173
646629
1011429
195548
280408
115674
1009454
155432
1086054
402217
1077022
665216
480826
649210
702944
622420
642537
676430
777230
998606
702853
660679
1021639
254927
660239
518635
662635
642465
661665
1018615
636737
1096011
676603
1007995
644921
115241
660329
1073129
1044928
640859
1041417
213777
712377
1015993
643720
649274
640018
686674
1041809
661400
108624
645648
662160
1001508
268337
649854
661611
661071
907983
1121295
991907
110105
