642862
401877
482709
642614
1122518
643173
646629
1011429
268337
1041809
108624
645648
646256
692624
1013168
661071
907983
1121295
1015993
649854
480826
649210
646290
997938
1044928
661611
1096011
1068956
643720
698536
638611
357531
684216
622420
657450
640018
686674
1070002
758405
907685
155432
636157
664093
640859
642491
1085147
644921
672245
1107701
645917
1018615
645694
1077022
642510
662190
695406
758958
676603
1007995
1086054
642550
678166
649284
1001508
991907
642465
661665
115241
660329
1073129
702853
660679
518635
662635
280408
649274
676430
998606
1009454
280436
660237
323007
764511
642479
702854
1037442
1029196
1097740
645632
665216
702944
644578
115674
661400
636737
1007585
642537
1041417
643251
1025811
