642862
1001508
643720
640018
686674
702854
1044928
111468
518635
662635
646290
645917
636157
661611
690003
1025811
640859
640637
642537
642783
649274
280436
644578
647830
678166
758405
665216
1097740
662190
695406
758958
645694
661400
642614
684216
622420
1009454
1086054
649284
1077022
642510
280408
991907
676430
777230
998606
115674
702944
642491
108624
645648
115241
660329
1073129
649210
1007585
515984
692624
642465
661665
402217
657450
646629
1011429
1018615
254927
660239
401877
482709
638611
643251
213777
110105
664093
636737
212537
644921
702853
661071
1121295
323007
357531
672245
1107701
1041417
642479
1096011
642502
646256
155432
1041809
649854
642550
673642
268337
1015993
660679
1021639
676603
1007995
