642862
702854
646290
280436
643173
646629
1011429
645694
665216
515984
692624
660554
642614
1037442
649284
636737
758405
660679
1021639
642491
645457
676603
1007995
254927
660239
1041417
108624
645648
678166
644578
1007585
402217
661400
622420
684216
373538
1077022
280408
640018
686674
155432
702944
657450
643720
642550
195548
662190
695406
758958
649854
673642
649210
1044928
1009454
646256
1013168
1001508
1041809
357531
401877
482709
649274
1097740
702853
661611
649233
110105
642510
1086054
638611
115241
660329
1073129
991907
268337
518635
662635
642465
661665
1015993
672245
1107701
636157
1096011
676430
777230
998606
642479
212537
644921
643251
640859
664093
1025811
661071
1121295
645917
1018615
642537
907685
