642862
684216
280436
645632
665216
661400
254927
660239
1001508
649274
660679
1021639
661071
1121295
1041417
656731
638611
357531
640354
644578
695406
758958
642491
373538
108624
645648
649284
643720
1009454
155432
649854
657450
702854
660554
642614
1037442
1097740
515984
692624
640018
686674
115674
1122518
642550
1086054
645457
1025811
280408
518635
662635
115241
660329
1073129
642465
661665
646256
1013168
401877
482709
640859
1085147
480826
649210
1044928
702853
676430
777230
998606
642510
646290
678166
642537
636737
323007
212537
644921
646629
1011429
672245
1107701
661611
1007585
1018615
664093
1041809
758405
991907
643251
1096011
676603
642479
213777
1015993
645917
636157
645694
1077022
622420
268337
402217
