640018
644578
1070002
649210
115241
644921
649241
660329
1073129
254927
642479
660239
991907
108624
645648
672245
758405
1107701
1086054
638611
401877
482709
643173
646629
1011429
280436
661988
657450
357531
661611
1059291
1096011
280408
643720
698536
518635
662635
676603
1007995
155192
155432
661400
646290
997938
323007
642783
1121295
402217
1015993
1068956
636157
664093
1044928
642510
649854
662190
695406
758958
640859
642491
636737
1007585
1041809
642862
645646
645694
1077022
676430
777230
998606
1009454
663583
702853
515984
646256
665216
692624
1013168
1097740
642614
702854
1122518
643251
1025811
649284
1001508
645457
622420
697831
1018615
1021639
642465
661665
244774
642550
678166
640637
645917
642537
1041417
