642862
401877
482709
676603
1007995
642537
1041417
642614
1122518
646290
997938
1086054
649274
644921
991907
640859
642491
1085147
665216
702944
280408
661071
907983
1121295
636157
664093
661611
1096011
645457
649854
213777
642465
661665
649284
1001508
646256
692624
1013168
642479
660239
672245
1107701
1018615
357531
622420
268337
1041809
323007
642783
764511
1037442
702853
649210
518635
662635
640018
686674
644578
758405
155432
115674
663583
645917
643251
1025811
702854
280436
642510
662190
695406
758958
660237
660679
697831
1044928
643720
638611
645694
1077022
108624
645648
1068956
1029196
1097740
684216
657450
642550
678166
676430
998606
1009454
115241
660329
1073129
661400
646629
1011429
1015993
636737
1007585
