638611
646290
997938
640637
645917
115241
644921
649241
660329
1073129
676430
777230
998606
1009454
1086054
657450
108624
645648
991907
1018615
1021639
401877
482709
643173
646629
1011429
640859
642491
642510
649854
662190
695406
758958
642862
645646
645694
1077022
672245
758405
1107701
244774
642550
678166
1097740
622420
640018
644578
1008562
1070002
254927
642479
660239
642465
661665
518635
662635
676603
1007995
636737
1007585
1041809
643251
1025811
702853
323007
642783
1121295
636157
664093
642614
702854
1122518
515984
646256
665216
692624
1013168
663583
357531
661611
1059291
1096011
649284
1001508
155192
155432
661400
402217
1015993
1044928
1068956
649210
280436
661988
280408
643720
698536
642537
1041417
645457
