642502
115241
660329
1073129
115674
280436
357531
657450
323007
642783
622420
649854
661611
1096011
649284
1001508
644921
649241
642510
662190
695406
758958
638611
676603
1007995
644578
649274
991907
1037442
642465
661665
645917
758405
268337
1041809
636737
1007585
1044928
642614
1122518
155432
660679
1021639
518635
662635
401877
482709
661071
907983
1121295
636157
664093
646629
1011429
640018
686674
702853
642550
678166
702854
660237
661400
684216
1018615
1086054
642862
643251
1025811
642537
1041417
280408
665216
702944
645694
1077022
646290
997938
643720
698536
646256
692624
1013168
676430
998606
1009454
672245
1107701
640859
642491
1085147
254927
642479
480826
649210
1015993
663583
661612
1097740
108624
645648
