663583
357531
661611
1059291
1096011
991907
515984
646256
665216
692624
1013168
401877
482709
643173
646629
1011429
697831
1018615
1021639
636157
664093
643251
1025811
676430
777230
998606
1009454
646290
997938
280436
661988
155192
155432
661400
280408
643720
698536
642862
645646
645694
1077022
649284
1001508
622420
244774
642550
678166
115241
644921
649241
660329
1073129
642465
661665
645457
638611
1044928
642839
640637
645917
1097740
640018
644578
1070002
402217
1003561
1015993
108624
645648
649210
518635
662635
676603
1007995
657450
672245
758405
1107701
642614
702854
1122518
323007
642783
1121295
254927
642479
660239
111468
642510
649854
662190
695406
758958
636737
1007585
1041809
640859
642491
642537
1086054
