644578
357531
1059291
642614
1122518
642862
991907
642537
1041417
644921
649241
663583
649274
636157
664093
649854
155432
280436
1018615
518635
662635
115674
642502
640018
686674
115241
660329
1073129
640859
642491
1085147
268337
1041809
657450
642510
662190
695406
758958
907983
1121295
676603
1007995
758405
622420
1029196
1097740
649284
1001508
702854
642465
661665
643251
1025811
646629
1011429
254927
642479
660239
672245
1107701
638611
636737
1007585
280408
646256
692624
1013168
108624
645648
642550
678166
1086054
661611
1096011
660679
1021639
1015993
645694
1077022
401877
482709
1044928
660237
649210
661400
643720
698536
702853
646290
997938
676430
998606
1009454
1037442
684216
323007
645917
645632
665216
702944
