642614
684216
1077022
649241
649854
1001508
645917
658205
642537
280436
644578
357531
622420
115674
656731
660571
702853
676430
777230
998606
672245
1107701
649210
702854
643173
646629
1011429
678166
1097740
660554
1041417
515984
692624
649284
640859
643251
664093
518635
662635
640018
686674
643720
676603
1007995
662190
695406
758958
1044928
212537
644921
642491
646290
657450
642510
661611
646256
636737
661400
642479
268337
645694
155432
1086054
1009454
638611
661988
642862
665216
1025811
642465
661665
213777
1096011
402217
1015993
115241
660329
1073129
642839
1041809
991907
661071
1121295
1018615
1007585
636157
642502
254927
660239
660679
1021639
195548
108624
645648
662160
649274
280408
401877
482709
758405
