751973
151403
371051
377963
648299
754283
345705
730473
644399
162091
657451
1013750
49284
640557
733485
95265
215079
268837
645917
646685
658205
152095
222725
1037573
188167
188937
1041417
264203
656731
660571
252757
275797
335701
410197
685141
243545
357977
91485
1066845
113751
155187
419379
160679
728999
1079207
646047
194461
646813
123041
661409
657450
108624
643152
211275
1096011
95315
293459
324179
1028435
208975
102904
170488
1032184
043839
125317
702853
92289
140679
764295
1083015
642862
600632
658220
17435

140594
1019954
992308
993076
319605
640629
180595
59984
758088
196727
112236
365711
884111
1063055
662161
122148
167571
94532
496964
738884
103002
218202
646746
660572
665180
637538
280408
1119832
657504
668256
1029196
154446
694350
212861
429437
640637
646715
636737
714305
186779
732827
469435
643003
116919
665194
673642
681380
164518
662182
305846
643766
1061558
273582
661422
758958
844206
90812
234352
19998
111390
147486
81448
221992
142266
59942
1013168
122901
209691
642839
104467
145939
642841
678169
480826
1082938
113679
1121295
159165
96156
219036
660554
142240
161440
206752
660640
667552
114446
777230
228946
686674
699730
381700
643588
656644
649131
258227
679091
662185
680617
258223
681393
568448
665216
643720
759688
172934
268934
702854
659842
154500
139924
93842
264204
646668
381818
21628
1069948
285048
142964
280436
142966
186742
232054
140670
649854
641471
1089812
646682
113680
685072
678166
160540
245020
292636
1102876
221170
241906
252658
278002
4611
156803
241981
70819
145301
643336
645640
655624
272784
661392
662160
732816
53972
649940
657620
6234660
073108
0
367128
1048344
202316
108440
661400
83890
1008562
1070002
191416
111354
314874
647982
68125
6678109
756445
1033693
236870
830693
644121

96711
1025811
638611
482709
6616539230053
4620
218859
638635
673963
1
097740
1107724
96743
2640929
642465
661665610418091357531
554921
3241

118681
134142
645630
21935
322223
642479
191651
251459
95011

94027
2219
210991
643375
104237
675629
359975
611004234785
1030433
194853
220965
269349
6402910402217242979
662332
5
427231
218667
1085021
191445
401877
272087
26711232145
27662635
7801
305337
710073
247256
175836
10329241679658
25183
214188
674220
1638829
640365
17589
279477
727989
101305
390427
150037
649237
1044757
9595
1213777
396209
110105
89789

642739
62843
259885
341293
373538

645622
140050
640018
160417

676884
035
656345
93978
1020954
274827
649256
203439
593583
10136798672653
111578311118123
194
344034
412635
657378
645689
125405
715451
96351
178527163448
340862
4683265
72638

286844
325244
638588
203273
245517
660237
33686
332883419847
6104032
7046082104699
60227
10419205299
641079712216320
64563642719
643475
6264250640377
653433
640373

205520
6455810642673
9185
687585
14331655
0323
6150387
429171
236861
679965248739

642510
452261
907685
178451
315155
1002515
68028
697820
122094
641262

675453
661988
55576
644822
1122518
255353
194881
343105
1007995
110195
672371
15151
637263
991776
303638
598550
91077022
456687596
51
2309202177
406123188
651572
1011210878
647821015552108602
17723076
645506
614
6223936
1026496
104492639178
45704
640859
643163
130998
118525
636157
7275189
649205
6722695748
701
1791933649267
42614
21710
1661952
10067810130390183751
2257978965982
63967894128
21638808
6426467106654
111426471068956
1112724439134968
649528
615
129584
406934
6439869794696
181088
97176
394394975800
730134
328
21
657641
1073129
267794
49608
264834
678758

455658
637856
151526
336788
645524
12826
435226
6643182645526
647830
747670
6246485
176614
289369
6833531494060
66161272651
223179
52117264
63704104137
642505
645577
6606492772110950
180728
20079559
645569
645627
51378
646130
277759
1015039
642551
774647
3826
885858
224757
17405
108797
665597
117225
642537
995817
692463
1005039
339943
697831
743911
664534
713686
644568
