252757
275797
335701
410197
113751
243545
357977
751973
91485
1066845
660571
222815
1039107
188167
281845
640501
697333

1041417
642878
222786
712002
95297
636737
714305
241981
678973
234297
568448
665216
154500
643720
759688
166022
172934
268934
701318
702854
715910
658220
642862
90812
125372
215996
278204
644544
469435
81448
434142
1055454
176657
642839
122901
192021
319605
640629
1089909
339142
642502
653254
741574
123041
661409
728999
1079207
676603
737275

142966
186742
232054
314230
140670
649854
681380
219036
142964
280436
444863
116919
85328
1029196
228946
686674
699730
646047
164518
440891
646715
83890
1008562
1070002
186779
732827
112202
191306
250442
660554
140594
1019954
147486
142240
161440
660640
667552
153648
154446
694350
377963
648299
754283
345705
730473
992308
993076
636783
643695
258227
662185
680617
278193
681393
145939
642841
678169
159165
324986
381818
228278
305846
643766
1061558
649131
160540
1102876
209691
678166
367128
1048344
210613
1089812
643588
656644
114446
184334
357134
777230
222865
662161
113680
685072
642965
1096085
365711
1063055
264204
683526
767238
92307
118298
646682
189055
1043839
194441
140679
1083015
156803
745859
154507
125317
702853
649940
657620
1073108
8894
917614
1082938
215079
115241
152095
233503
663583
647080
698536
45917
646685
658205
668256
218202
646746
5996
207980
640364
642668
32
166657
211275
1096011
208975
107601
656721
680447
213168
677040
275860
661392
662160
732816
95315
232019
293459
324179
224771
660227
234352
130670
122148
640548
642852
1001508
153649
231217
80290
263074
155187
419379
644399
162091
657451
74714
639962
643034
678362

661400
1048330
396413
640637
645526
647830
747670
59942
178214
637478
273582
661422
758958
844206
219820
646290
853241
200395
638923
92099
435395

59847

189344
637856
254927
646607
123188
651572
663550
89817
650457
10111848246485
247251
4
649288710
644822
11225642769
1016785
1112791

687794
1156221170
241906
500678109
1033693
5
1002515
713686
760534
4928
97503
6107761
701425
7283051198391
2162027
646635
84872
285229
663615761791931123135
737535
42540

213777
640017
649233
143879
688099
6153861
78362190608

11239369864
206568

247256
16320
645632
657920
662528
714497
191445
401877
427231
641262
68028
679388
697820
679658
891278
1018766
344034
653538
6166127
51259
204251
101030119
2904
170488
1032184
96743
231143
275189
649205
210400
178750
6165329131153
528219
10381712289369
683353
1081298
642646
46680
251459
145674
37381035661
1894060201645648
3491015107409
126259870549
293
409637
06
6434751637277
643421593959
287784
642582
7104691
2647982
248614
889126227359
153311
93931
517622
257653
478069
1076337696351
178527
303835
63443
270035

131025
178641
1038039
72651
223179
5684216
90123
79559
64245686414739104137
642505
66778577110905
19028
36676
97395
150387
648303762843
826
94060
6616110742249
14270
137837
236903
5144
33
646140
1038582
2601259818

30533176457
10249070
737518
190141
642493
94369
649267
155432
649256
163448
643448236861

515151153915
367419
660027
173119
325183
80079
713679
907983
661449
4
660346
123843
17589
183751
322223
642739
218038
653433
741545
9209552
355472
374672
51177640929
642465
664522635753328816041102487394203439
593583211599
101118123
4833
701035193323
766859
63
159549
202557
312381
230965
99647

340862
406142
672638
150323
391475
11080196645687
680247643522
663545
212537
205703
644921
681289
104197
191109
677125
152587
660235

1097740
672653
1115789644879
660239
50562
204162
6261641
52674
6519653
692463
1005039
522687117225
642537
1070
12339943
697831
104032
658707
1025811
17435
90658
68125
664093

807473
94997
312341

644121
17264
637040
643184
646256
1124720
180728
200696
322808
248394
666954
1014858
1004842
94756
649252
483418
643162
8792
151640
646232
1044824
639178
21710
179150
998606
266820
649284
133186
202316
991776
89314
644578
660706
658372
303638
598550
136262
236870
108624
643152
170046
1036236
93978
140050
640018
278982
662214
