160540
1126684
1089812
156690
678166
367128
1048344
113680
685072
81448
59942
657450
111390
147486
122148
354084
642852
644399
133186
646629
693477
1011429
02027
153649
645173
643588
656644
112130
112902
683526
767238
114446
777230
122901
642841
678169
1121295
122897
176657
209691
642839
145939
272784
661392
662160
732816
139924
275860
661400
100758
140594
1019954
658220
992308
993076
153648
155192
1048330
660571
188167
196615
188937
1041417
111468
130670
234297
635971
339142
642502
653254
646715
222725
1037573
648299
754283
202316
646635
429437
640637
319605
640629
469435
444863
644543
191416
90812
215996
243545
357977
91485
129913
110677
252757
275797
335701
410197
884111
1063055
381818
142964
280436
155281
662161
186779
732827
194461
646813
646047
123041
142240
161440
660640
667552
70819
1079207
228278
305846
643766
1061558
644544
172934
268934
702854
715910
568448
665216
94532
738884
159165
352576
258227
272809
662185
680617
210613
293557
276657
681393
258223
649131
681380
247356
643720
759688
85328
1029196
219036
273582
661422
758958
844206
1013168
164518
662182
92289
186751
189055
204415
1043839
140679
1083015
154446
125317
702853
99914
660554
228946
686674
699730
154507
194441
672137
156803
745859
657504
668256
103002
646746
280408
656728
1119832
637538
660572
665180
83890
1008562
1070002
758088
154500
688099
642510
136262
236870
189066
193228
1082938
642862
234352
180584
124731
660027
107601
656721
208975
679780
248394
666954
1014858
4179
1028435
142966
186742
232054
314230
71120
104912
205520
645584
1
104553
730473
7791
643695
645917
646685
658205
759078
1014822
5265
275745
95273
115241
226662
1086054
219820
310444
672653
1115789
95896
114328
655768
0
1004842
265276
662331007585
64004896743
231143
271847
66024523485229
661997

213980
568028
697820
330217
155432
87537
176625

676603
737275
42540
4
1063988
645632
657920281845
307957
6158586853241

250748
286844
764865
206583
29498
393931
143851
97503
642783
1287959
1112791
79390
210878
825829
2337885176954
649274
102369
649185
687585
1030119
143843
222179
677603

642769
10166127247251
87094

647830
643178
1066346189314
1694117
643475
7700273407
2
6954089303714
713826
8858673638923
584
689456
13892097156427230107409
1266244105935
2549674082
47
64647982
67012267111
70549
694933
4
266852
89789
95165
280253
101305
177337
238009
684622420
5993
1104678
645703
225615
80290
660102
660870

106649
639372
645640
655624
649218
1034252
83353
222551
349271

1097740
644179
528219
1038171406020
649312
1111648
148764
669864
7
12826
637277
643421
730134
267794
75800

266859
5679658
62843
175670
653433
645694
663504
134968
143879
646290
660114
676111
783621
427231
802057
10400
655840

1015039
110105
6492416252959184759
235228
662635
6868126257653
4780691644568
0128099248739
1118123
160417
492332452261
907685
76941
345163
203439
593583
676884
6110905
164665
175836
557532164671
173119
36635501396209
714929
340862
4061422368614110901642537
6390427
61717
150037
104475112653156266820
649284
643173
103993066642754
643522
37
376912
657358
1036236
0169
89433
2021418332883
690003

434142
194881
1041809
381333
482709
661653191109
8
207801
205703
331655
157105
197041
64478530600
749452
3
137139
64325181088
16642646
3253936676
172741
89525
2191445
401877
198391
2690471013750379690
95011
4111354
314874
638808
642648
245684

643375
1
694962
40293
701425
152587
179193
398845
636157
183751
660679
10216392202177
352717
123843
601127713679
907983
639962
643034
678362
5689
150323
391475
1108019
15951077022
702944
84216
1373036106312341
68125
664093
644121

640018
10901025811
7
160831586341
5687
680247
760119
991776
17188
170115
93323
766859
190658
278982
662214712239617435
4
649244211599
729999
11030951
259885
341293
74795
222241
656161
