111468
112236
695748
649412

660554
108624
643152
142966
142964
280436
1013168
305846
643766
1061558
367128
1048344
685072
122148
1001508
147486
153648
642862
658220
681380
219036
1019954
662182
1089812
678166
83890
1008562
1070002
280408
668256
218202
646746
136262
1029196
660572
665180
657450
661422
758958
642502
653254
480826
1082938
646813
1079207
186779
732827
140670
649854
142240
660640
1086054
247356
70819
7622
181190
4
268934
702854
643588
180595
319605
640629
683526
228946
686674
640637
90812
644544
702853
194441
1043839
745859
440891
646715
636737
714305
155187
153649
678169
1121295
642839
123041
645917
658205
152095
275745
115241
140679
1083015
114446
184334
777230
252757
656731
660571
741979
243545
377963
648299
643695
645173
1037573
662161
680617
258227
211275
1096011
642540
208975
1012809
61392
662160
732816
712002
1048330
661400
399306
663504640293
1030433
402217
11068956645526
647830
3182
695406
95011

643986
646290685056
106654

104180102904
101140711482709
661653
11764
1063988
645524
642479
991907
24523436676
85640929
231143
661665
1007585230053
10380397642493355472
640400
642491
323007

655840
247256
642783
89525
313013
481205
684216
197041
644785
639678
122792
645861
646629
64773751710763273110642551
6456235228
643277759
10152472174207980
640364
073108
205773
638923
1085147
30965
62843

649274
653433
650457
179559

104137
642505
638808

646635
1033693
150387
648819
066252406142
672638
181088
8
2528
907685
249070
160417
998606
643421
103817135661
676941

1005039
649287
230014
126609
643475
106649
1090959
93931

125405
203439
593583
1013679401877

040338
410435
657641
83627
1110592963660679
102168531438676603
7325244
325183
994369
77111
1009463
266859
661611
265315
347135
6202177
006784
427231
676111
637263
66643173
268337
807473

636157
642739
687794
279477
644689
645457
640859
643163

9472
649456
164665
96351
640863
61010358
68125
6640932644121
660252
12826
649241
252959
907983
150037
994089
