658220
642862
637538
646368
656728
686674
702944
1029196
649854
280436
644544
646746
678166
367128
111468
1086054
673642
645173
153649
480826
1082938
645917
658205
663583
643588
777230
1121295
678169
115241
305846
643766
1040338
61422
758958
142240
660640
643034
172934
702854
107601
211275
1096011
665216
643522
1001508
657450
646047
186779
660571
252757
1041417
702853
640637
640629
648299
636737
642479

661400
1008562
1070002
662160
732816
104137
660329
212537
644921
645689
680247
1638829568028
2
1097740
645632
642550
563892361085147
1112791
640354
2502
653254
254927
701425
723076
645608

642783
231143
637856
647830
642510

90608

695406
676603
643214
1044928515984
66602371032184
1640018
406020
6386356991907164246563676111698536
660239
660235
90712826
642491
7
6606305337
643251
644771370246445732249076419920642493
1041809
357531

482709
213777
110105
649241
661611
643162
758405
644689
645457
640859
66402936234693
6440376402217179150
996978340642537
17435
644121
68125
664093
1025811
660217
