1001508
657450
1086054
1029196
686674
660554
642862
658220
280408
643720
702854
1070002
1013168
665216
280436
758958
649854
663583
645917
658205
661400
1085147
78166
636737
115241
644544
642839
1121295
702853
777230
660571
1041417
640637
642783
1112791
1032184
5432
695406
373538
661071
649241
221170
638611
646629
1011429
907983
248394
644578
649274
66766036515984644921
642502

646290
991907
642479
642465
6666067645648
723076
664093
1025811
8
643251

642491
323007
649210
660237

660239
642537
697831
402217
643163
998606
1073129
