111468
112236
665194
673642
104467
145939
130670
226662
1086054
84872
155528
251528
696200

180584
645917
656669
658205
152095
233503
663583
95273
115241
94532
244292
738884
222786
712002
480826
1082938
247356
153648
231216
140594
222725
715781
1039107
188167
196615
1006087
992308
993076
642878
280408
336472
1119832
660572
665180
668256
639372
228946
686674
699730
85328
136262
236870
111390
147486
162091
202027
657451
658219
640557
733485
646047
186779
732827
109989
122148
640548
642852
1001508
644399
140670
649854
1069948
659842
188937
642825
1041417
153649
231217
330217
419379
91477
252757
275797
335701
410197
113751
91485
656731
660571
243545
142240
161440
206752
660640
667552
658220
645173
642862
70819
1079207
646813
103002
646746
440891
646715
264203
637538
122901
407840
642841
678169
209691
189055
1043839
125317
702853
156803
745859
140679
1083015
642839
657450
241981
95315
232019
293459
324179
107601
656721
208975
712039
636783
636737
714305
660554
1029196
123041
217505
164518
194441
469435
81448
211275
1096011
151403
371051
377963
648299
142964
280436
741236
1075316
159165
644543
180595
129913
429437
640637
248181
319605
640629
643720
759688
142966
186742
232054
314230
1121295
273582
661422
758958
844206
191416
381818
345705
730473
683526
767238
96156
219036
644544
681380
160540
1102876
106884
93842
1089812
90812
278204
114446
357134
777230
1013168
228278
305846
643766
1061558
367128
1048344
678166
701578
665216
266820
649284
32405
145301
642965
884111
1063055
167571
258227
276657
278193
681393
258223
662185
680617
649131
172934
268934
702854
118298
83890
248242
1008562
1070002
661400
140472
684216

18576
272784
360336
661392
662160
732816
189066
133186
688099
643214
16458611138728140050
6130274

77284
637040
643184
89584
639472
649456
213168
677040
78758
95
6642540
622
181642550
645664864708210382
6567012151259
1085147189817
6373538
713700
303714
713826
885858
151640
646232247256
4
6492175836
557532
853241
1111648
649258
13980
568028
697820
676603
78640
150064
640048
1010224
170046

45524
158586
638931
649412
250748
286844
325244
337885
678109
7759078
1014822642769
1016785
0176
155432
323624
649256
483418
643162
55576
107902
230014
657920
662528
222148
42548
14786
190658


1044928
132761
337817
396185

679658
646194
679965
1010358
110195
92099

70605
205773

1064061
96711

640017
6254927
496847
646607
638923
643475
822218
661682
687794642719

73036
1066252
1097740
1107724
288730
646368
70549
694933
210400
619322883627
112368611257653203439
593931
143851
518635
1030119
1007995
1018742887094715562
730134
770835967
963575800
63
649311
764511134968
186341
251459
410435
208473
12826
4293723191109
344034
656345
221170
241906
2526527359
153311
303835
88
1179193
636157
645597
275189
64920598494921038039
1041111
645627
2690642551
774647
014
5784277759
101503194220917
224757
537
99417405
1087962843
7652431150364926323007
207801
305337
7100640373
157
649237
1044757
245704
336823

653415
93537

100945489525
313660329
205
7322683638829
640365
780141
662635
1
3151510726
176614
19122522754110105
1446741545
230053
322223
642479
37318859
638635
673963
72615
29
702212537
6449713686
89
99647

642646
150323
391475
35661
1396209
7149298101305
238009
684213526479211401
122396
345884
621504
233829
484965
17589
27758405
211599
259885
3701917616093540
2171892360
282824
123188
651572
1011764
651013
6771634224771
6603408250151
42
672638
532
1073108
210991
515984
640400402217
1003561
3675629
798509
642672
20798234785
1030433
86565
194853
250562
265315
802057
692463
133125
7339943676111
143879
640007
148493
8934
17
714497
265321
742249
60169
118480
34693
644037
314814
639678
684222266863
21710
179150
9694962180728
200696
3228081041809
357531
638611
670867
482709
661653

401877
272087
146938
649210
427231
72527
345163
35546
639962
643034
116990
646140
644568
245234
251378
646130
714496
