642862
645632
640863
702854
665216
686674
660554
702853
280408
644544
678166
642839
1121295
1086054
649854
280436
186779
645457
115241
663583
645917
658205
58098

640637
480826
777230
1085147
698536
660571
1041417
1013168
642783
1070002
1032184642502
6643522642510
1044928
373538
100945416662636166032911068956695406
8
652649284
108624
6978643184
646256
5998606
64642531064247911041809643173
1097740
664093
268337

622420
644578
649210
997895
1018615644921

1107701
401877
660679
1021639
907983
657641
1073129
110105
649241
