1029196
686674
660554
642510
643522

643720
665216
172934
702854
1019954
658220
153648
642862
280436
649854
678166
367128
480826
1082938
656731
660571
649412
1001508
645917
658205
663583
305846
643766
636737
661422
758958
186779
646047
115241
646746
637538
280408
759078
638923
153649
645173
1121295
642839
648299
1041417
107601
211275
1096011
702853
1043839
142240
660640
662161
640629
640637
777230
661988

122518
662160
732816
1008562
1070002
254927
7622
28
1156741032184
05478
1066252
1097740
642550
643986
6660329
991776
694117
1015993
279477
42502
662635
150387
1107701653433
1007585
636157646629
1110105
649246465267725159864101861016616110213777212537
661033697090608713700
249070
643184
646256
661612
6431863811184022676603
7372646492764101171025811
697831
642537
03
68125
664093

642491
1068956643251
644787
642493
305337

323007
17435

642479
643163
642465
661665
991907
248503
660217
104137
9
234693
660235
660237
010224
660239
1090959
645597
07983
660679
1021639
199209
994089
401877
