81448
85280
122148
640548
1001508
147486
657450
268837
275745
645917
646685
658205
751973
345705
730473
108624
161746
781522
1040338
09691
264207
1121295
91485
1066845
113751
91477
252757
275797
335701
410197
656731
660571
151403
371051
377963
648299
152095
663583
176657
642841
678169
243545
357977
440891
646715
185913
241981
636737
714305
95273
115241
234352
130670
186763
189055
1043839
62341
125317
702853
156803
140679
764295
1083015
122901
137948
195548
213980
568028
697820
65216
21628
1069948
264203
222725
994565
1037573
413965
139924
188937
642825
1041417
484965
643173
194461
646813
658220
155192
642862
1007585
64518
142240
161440
660640
667552
643720
759688
646047
188167
1006087
381818
116919
644543
159165
469435
142966
186742
232054
314230
142964
280436
645173
153649
162091
202027
106884
154500
649131
258227
662185
680617
258223
278193
109989
745114
59942
644399
236589
640557
733485
273582
661422
758958
844206
208975
293459
324179
1028435
211275
1096011
90812
215996
278204
191416
713656
107601
656721
155187
111468
112236
681380
96156
219036
70819
172934
268934
702854
992308
993076
153648
231216
140594
644544
665194
668266
673642
248181
319605
640629
396413
429437
640637
129913
180595
660572
665180
668256
1029196
94532
738884
247356
352576
728999
1079207
365711
1063055
92307
695957
1096085
228278
305846
643766
1061558
250442
660554
154446
758088
280408
336472
1119832
103002
218202
646746
228946
686674
699730
45392
59984
85328
114446
184334
777230
153604
643588
656644
637538
1089812
118298
685072
678166
1102876
1126684
367128
1048344
644822
1122518
56652
140670
649854
130386
222786
712002
245234
646130
219820
272784
661392
662160
732816
587115
661611
693477
1011429

1048330
112130
180584
115674
396762
672474

1013168
714497
676111
1001950
679387811
998
727734
862134
1010358
661682
687794
5
1002219
251459
410435

1044996351
640863
61013750
451221170
241906
21661272261465445428
427231
653254
102904
180681
211401
655576
4202177
125405
706781111354
314874
45584
713679
279499
158586

126705
272087
281845
317173
640501
1076337
255353
513401
773753
45506
230014
645524
644689
645457
30274
61717
150037
6245704
044757
2653157252959
1047839
994
679965
42958
178451
122094
89584
66690003681681
213777
640017135661
344034
653538
77111
190608
650457
101679642472512151259
204251
1085147
0
660224
662528
105935
254927
100167
11127913678109293723
640859
641090110301191102369
649185
6875856183751
1021639
202316
34252
134142
6165329727153
640377
619144597395
150387
42243667
8819
257653
642754
110195
645491
160417724873274522613411010510420645203439
593599647
63545
212537
644921
645689

315447
645687
662635
156517
69411711063521
8337
6267111
1380206357531
41293
1041809
638611
656161
482709
661653
74795
77253
2164665
44037
79409637
657641
1073129
5
109793931
143851
151526
7
101649218
5703
10483418
643162
713700
197041
644785198391
269047
1018615
61071
179193
305337
710073
8249070
489314
644578
4
106649
337817
396185
644179
87
81289

236870
1064061
41545
274827
649205
6722451010563

133186
2465
661665
272525
296703
191109
398845
679530
57841
701425
642551
645623
774647
642719
771323
643475
646131
1015039
224636
70549
6391475107409
1284949214188
674220
349341

666954
123117589
279477

1038039
988
303835
131025
178641
649256
203273
041718
104197
651013101305
2152587
660235
224771
6602272644879
66023930600
661612
340862
406142
701577

78731
93323
766859
8
278982
211599
1090959
49210
917614
37040
643184
646256
1124720
758405
200696
250151
269349
640293
675629
5684
661952
100402217
1003561
1105454
642531
697831
743911
402925
684216
46194
519653
181088
168794
1005039
117225
642537
995817
73108
133564
649284
95011

79150
998606
88986
115866
10210991
643375
649258
1004842
218667
749452
010224
312341
727829
1025811
17435
77339
68125
664093

644121
760534
65982
639678
684222
85904
209552
355472
515984
6646140
1077022
116990
155424
991776
122396
345884
649244
121554
93978
644568
702944
