646746
645648
1085147
42862
153648
658220
673642
1086054
111468
657450
1001508
660554
1029196
686674
662160
732816
661400
661422
758958
367128
678166
643766
643178
649854
777230
480826
1082938
1013168
645917
658205
115241
142240
660640
663583
1121295
642839
172934
702854
12826

665216
642783
645173
153649
107601
1096011
656731
660571
252757
646047
1079207
186779
636737
1041417
702853
662161
640629
640637
377963
648299
640863
764511
2
195548
56427696638923
646629
101142677622
254927
6221170
649284
1032184
1007585
6262
108624
679658
676603

90608
6662635
640859640365
6649274660329
758405
6694117643214
4
1063988
211599
1090959
660237
660239
645694
81152587
660235
642614
104197
674082
1044928
642465
515984
991907
638635
642479
357531
1041809117435
644121
672653

637263
645703679348
643251
644787
642493
482709
661653
30535661
643173
661611
32524323007
660217
17405
89
402217
1003561
640293
104137
697831
743911
642537
0
680247
212537
644921
645689

179150
998606
