107538
218904
166738
54606
235854
116816
90698
108360
89082

55964
9284
134466
71574
243602
139124
257337
88414
108382
40026
90234
198522

85337
180565
256597
83081
125189
170501
201277
106048
7007
76987
182205
114507
3151
212100
168598
9174
200545
23828
23836
117682
110766
65273

139044
35366
19232
197408
154439
167495
138313
89105
155181
101419
122155
90675
248115
127511
47631
81455
225839
239663
33847
129847
78526
165302
176810
106033
182833
283441
9400
160700
223676
73152
89280
159809
92197
96809
249631
124445
284195
6304
152992
116748
23044
303364
163697
215153
76923
192125
99221
118421
189845
56217
129191
160679
92323
281251
99442

1518
16878
43
33126
206696
101814
15306
46992
116112
73114
96922
19075

64568
112952
13876
216702
183551
9207
69901
77577
249266
175996
114566
119936
115330
132207
151285
08393
134505
191412
110222
309134210177074483
13114811351078191130
48725
8015
90
94972

117154
136267
5640
942476188130150
205033
132616
77543
95171
7
236047
31610
2111975104804
13121282135328128603
14917
77191935645
53318381
292011243451723136478
123416
133332
849137816
11094
307542

98932
2043341
42620
2181558887100
66377

1669707244827
130510
162422
0971
83969
1102409
132483291651
262915140428
206863
128144
8715
2
213323
12897

2577
184939
2125815116589
154606
176877458599
152649
128924
15417204
100916
4084
48628
139132663
101877
178613507114111
123933
5581
143920
10286424878
62130084
227620
230312
298267
107074
14063
113228
55527
1127698
73325
58784
116954
180702
2460901116215
5033
115449
75071

266782
35620
193044
112607
55811
179619
41257

104739647149
1930691102443
84040
1524002130894200338
14502
2235663
82827
1418842215714
118188
173447306963
93465

2118381149626
267122172894
148926
198349
270620
162259
19570
123466
154184
98116
58960
193360
102838
241076
76736
