54606
235854
76748
247090
114917
77125

163564
9735
170501
69901
83129
114566
194434
107538
182145
156043
3966
122155
239663
61493
33847
106033
283441
24696
115306
40026
106048
83081
93833
305078
87579
109843
47631
77577
73114
96922
108360
85337
6304
118421
56217
64568
112952
92323
76950
129191
160679
23044
303364
116748
163697
43131
116069
132207
134505
92197
138313
114507
159057
201277
191412
118410
33126
46992
212908
16878
1850366377
135438
9461884241112505
167029
17204
100916
167803
204682
47229
107901

268415
7238
236246
91651

8715
948725

170445247645
128965295171
212587
62189
110480474714955140
66663
11509311135629120467
94317
1161499212635
111109
162461
87303
6629
74221
645
1754275071
581969

183203
79521
110241
92669415642011315494122307
1
9421
198349
101573
41140794
154184106954
454741
54915
207919
217119
127382
32789

128924
154268
105745
93465
306963

120971
