49982
72252
155964
135994
251962
9284
106048
23828
49174
185114
107538
70639
113647
19232
35366
200494
57644
64568
112952
152880
13876
33132
115306
73114
96922
168346
46992
116816
54606
235854
108360
166738
165302
110766
284195
124445
96809
249631
92197
112933
118421
189845
117682
176050
243074193044
218905
109843
17834
176810
156043
83081
159809
201277
77543

71574
69901
163697
215153
239663
159057
192083
138313
3151
125189
170501
19207
195943
70761
108393
134505
24696
103800
175996
40026
217434
43131
100739
136855
13977
56217
182145
77577
24621
155181
90675
114507
182833
283441
33847
129847
255799
122155
165246
200545
132207
7007
85337
71560
92294
114566
115330
194434
212100
9400
89280
76987
83129
117689
116748
255752
23044
303364
92323
160700
129191
160679
6304
85985
82577

147554
56456
140172
313740
34950
51078
11048042125155
99392
44388
174690
87094
102123
39208
154736
309134
227620
91373

105183
74483
156320
65273
133621
151285
177066
6107

91948
209623
92914

167976
167389
183551
199293
1048360103142

195578
8676
126180
6
121281
282561295171
128965
96715
139004
35328
102912
271049325548
106954
117880
102409
91651
262915
157878
949816112648
8948
31928

196343
105936
101877
178677
307471
48725
111697
5030
198854
236123
2176871180702413999168089
135071
250263
87443
120467
138895
82827
150411
8
173447
19075
160413
113558
1150948507
79503
152463
177807
770
132483
144003
140937
120971
09
1754149573
151183203
856154184
123102443
247645
123933
860
9298267
6589
135019
184939
212587
235615
2509611121199
82053
1716156167629
1983412897
6122308211461331146115198
78232
56682
237200209
112607
149469
99539

178119513
6191149989
16034971
9161
9
162461
143472
284016
72894
148926
188094
53399

176877
58599150931
250003
6629
144101
195557
74221
56555
104881982727
2128144120363
35119
276736
33618
39028
9207795
116405
3544
149626
128697
149433
114953
56577
87303
