54606
76878
235854
116816
90698
118354
166738
212052
31928

246090
5366
83750
212006
127573
256597
85337
7007
146781
19232
197408
40026
212062
83129
117689
25535
182205
89271
76987
92197
112933
147493
135975
137511
285735
139044
6304
83102
84644
104152
164056
53621
197551
174662
283441
101419
122155
170539
178987
83002
135994
149818
251962
27690
185926
104621
189869
263597
70761
108393
134505
152169
277353
110701
177517
275053
70696
149800
154547
3966
165246
221283
133621
151285
06048
312640
225839
239663
107538
134418
1596
72252
86076
155964
9400
182145
293490
125302
134518
295030
156037
204351
159809
121403
12380
102236
78526
73152
89280
284352
160700
223676
159100
175996
176764
214396
257337
258105
114562
115330
234370
21565
29245
102973
120637
201277
308797
116069
102213
129093
117682
147634
176050
210610
77577
107687
129191
160679
169895
104609
92323
281251
156043
99207
243591
243602
195943
112952
13876
64564
165172
132207
218904
71574
33132
173678
200545
96148
115306
23836
101552
43131
104571
255867
163697
215153
91509
72972
116748
23044
119812
303364
19974
255752
312577
206696
74483
130547
247283

191412
110766
152238
24696
107230
111838
206302
64
92294
114566
125318
225041
109843
154387
172051
127511
130583
138263
65273
246521
55697
82577
1123645126711484040
184648
202470
198854
123466
133446
81328
182604
84948
1153484
158860
52532
55181
192813
61493
90675
23828
183551
80196
136410
4455
154439
167495
175584
114507
275787
132859
234235
176194
70501
68848
96922
168346
173722
19207
169735
28389
153573
628
4
85718
97238
1824064
62189
139757
217
149907
205353
9221
118421
189845
108080
125155
195811
22345941003
102443
169259
180011

102123
123627
7631
136729
91643
9205033
3833
119936
115449
18050

70639
113647

39201
106017
205857
216252
200494
162866
11345044489
1158463
110845
208371
2071085116215
112462
130894
183118
1
4526104739
228387
250844
134134
51078
152400
8842
10207602
230642
31316135438
219575
260
4
110222
125582
309134
111624
49849
178873
8413
183146
106954
6107
878
149374
201598
60140
136952
139258
140794
44744
21844
88104030
882
1699442
169330114122
124878
1132057133318
112897164650
222248
98584
163564
26677176616
25991
141031
212635
124313
168089
21186526546
18245166105
54741
123089
175313
186065
161499
1986710191521
47149
16267119
3069

16832
20672
76108882793
2456188104399598
2808184994980
86536
112648
9237991
1010136303
154735
483462
1234121111122
18104805
1339883146960413
204720201
455
176369
14
107757
13002101877
179165179796
1507
316950
863575
16631
19617929
6666313209977966377
0241
21163
169387
216235
164777
160741
183203
223149
56295
521157
90277
2128551161033
3
7444680389
111109
616647
87138845
17801189121
56577
85073

2416718162571
7959
173325
231029
25867151085
154915
114639
121551
23598333579
120363
35119
2071399412114633
116954
9
1320031223076629
1441198349
35601
247125
100117
122389
19430
101540912207795
173233
4

128697
13499
2304731129790147133
246975
475071
094
14581969
3933

200308
131164
211804
253276
107901
19929391125051162417
173169
35581
0946
3639
6
273979
29541057643167803
218491
1
25000172347
1916241178495
120881
136241
87189
53399
110999
263063
119513
235481161911
35645
5149469
5421
196157
112607
105745
80702
183774
306963
32789
227861

94838
118043
184091
243227893465
29569
104065
76423
140171615
130084
227620
0236848
12238419
95619111636
193044127162
131610
50198
147734
137076
89454
156262
36460
87100
106300
9454
134638
154606
269804
44898
174690
125546
131690
25700
104804
208446
17204
100916
32616
100968
239208
99392
100928
166970
256826
305978
