135994
155964
49174
23836
107538
134418
185114
23828
189032
16878
100916
15306
115246
200494
13876
64568
112952
54606
235854
108360
116816
166738
155934
149800
241960
249640
35366
19207
77577
69901
19232
85337
200545
7007
6304
284195
137511
212100
115330
92294
114566
71560
91528
40026
217434
108382
166970
256826
63697
215153
254178
6922
243602
46992
89105
136729
109843
127573
9284
114507
3151
159057
138313
159809
120637
90675
33847
129847
102213
106033
182833
283441
101419
122155
170539
239663
258105
104571
76987
182145
23044
303364
175996
24696
120692
139124
70761
108393
134505
132207
116069
202853
176810
117682
305078
110766
116748
92323
281251
129191
160679
169895
263597
13977
56217
4084
48235603
24445
125189
170501
249631
280844
83081
130894
183118
200338
83462
47631
87100

9400
34950
51078
151581921102123165273
76414
1048074483
130547
113647

114028
25582
309134
151285
10826
139757
5728
77543
115690
1305321132057
190425216738926107

135438
268580
193044
32616
2209623792914
88422
0
139004
48788
18381
211094
66377

38856
14868091651
262915

230642
140794
48725

1455111697
247645
149989
1616399171685975517

2912
266745
39392
91643
92754511106455688728
599
21760413
2047947507
28151
196343
3114882
119513
23155821115198612630747212667894131610
14111
3111643
29822461001141257
91925548
41031
159468015
028136267
200303514917
77125
166981
43341
9521
11121724
172347
190773279413013624933564154941
235581
273979
075071
38
1589
95033

132663
123465
15264220929
1642071885073168942
241679190277
170925
116405
17207795
5025
128697
74221
36629
144101
195557
95619
132483
18676
126129569
243073
120971
79503
152463

16776755697
82577
18
12860162461
150931
250003
34971
253276
29790

19430
103142
84040
184648
246090
162259
178387
113228
