160700
9400
89280
118410
8715
6
139757
54606
235854
166738
116816
303364
47631
109843
87579
282780
6304
64568
112952
152880
147554
33132
159809
201277
73114
96922
71574
76987
71560
91528
161452
212908
165302
135994
102409
5351
77543

168598
38313
114507
159057
85337
200545
256597
115306
239663
106033
182833
283441
122155
33847
129847
116748
163697
129191
160679
92323
116069
132207
182145
83081
118421
56217
107538
168104114882
9163564
113647
128965
6090
829901216878
195171
74483

151285
217575
35581
17204
100916
188424

176877
135438
782399442
51
241
104804
149989
132057
162422179415
54915
35645
53309
120962611350110212635
132808
138948
94
185030
19881362195266776
107901
210801
67247645
217687
767368678
194154184
123466
5
28599421239666167029
31
1125052154606143341
298267
66377
6167803
266745
320091643

74137816
47149
112814412671142143472180702

82827
200338
200308
113558
115094
260946
