40026
217434
114566
92924
139004
94980

116816
166738
54606
235854
49174
107538
33132
115306
206696
77577
19207
169735
9400
160700
170501
127662
92914

13876
64564
46992
24696
92674
240898
200545
69901
156043
182145
83081
93833
114507
138313
268105
61493
147734
283441
239663
122155
129847
163697
135994
109843
201277
118421
73114
96922
56217
92323
129191
134505
132207
252783
284195
116748
172347
19304418015
14917

309134
246922
1262968
57878

148926
43341

137816
188422
17204
100916
8715
4
102409
10338691651
6
9901
14111

30547
200156
298267
79415
103142
176877
35645
140348
1114882
15094081921080121125045171623148725
8
247645
91643

217575
149989
35620
268415116702971407917101571399442
162422
107901
235988
97
825136241
1982355174690
106954
2285902
47149
1119513153399
306963
2071
93465
79521
110241
183203
120971

76423

128924
154268
266947
64201
23466
152650
154915
75071
213320
188738
