109843
154387
172051
87579
261915
47631
225045
89105
20739
52995
125189
170501
69901
3198
165246
235902
125302
134518
295030
75380
139124
24696
103800
139326
31834
195578
36047
115306
146020
33126
242790
102937
77577
127511
159809
233537
121403
102213
29245
102973
201277
308797
257337
258105
159775
249631
92197
112933
284195
137511
238887
285735
106017
132129
205857
124445
116816
99392
100928
96148
165172
13880
64568
112952
162866
76987
113853
168330
89271
117689
159100
175996
94972

23836
243602
107538
134418
138313
154439
167495
159057
85191

275787
100739
102275
83081
93833
3151
31567
71560
75400
91528
195943
221283
132207
165999
104549
116069
202853
71473
182833
283441
177517
101419
122155
170539
178987
70761
108393
134505
255752
127573
85337
156043
61493
182145
99207
152967
243591
33847
129847
7007
102237
132957
200545
24621
114477
155181
192813
73152
89280
218304
9400
33976
114562
115330
234370
126140
160700
223676
23044
303364
13977
56217
126105
99221
118421
119957
189845
149907
156823
80015
90675
248115
225839
239663
118354
166738
84644
106828
54606
76878
235854
16144
35366
83750
27690
58408
70696
149800
19232
122912
197408
163697
215153
71574
73114
96922
78526
126142
250558
49174
116748
261900
12380
254300
108382
124504
40026
139044
212052
37798
83002
135994
149818
1596
86076
106048
312640
9284
83102
104621
189869
263597
253621
222876
282780
119936
23828
6304
72352
218904
107687
119207
129191
160679
169895
206747
17834
146858
176810
117682
147634
176050
92323
281251
17798
114566
165302
101552
74670
174662
238590
215066
245018
301850
191412
33034
126786
46992
166032
32616
100968
180210

104571
255867
207104
69845
35220
81308
1112437
161589
22024720664
735645
53309
175421
196107230
2063786130274
81
200156
250844
261
65229
81357
170445
251392
178495
8232
107782220172347
190113558
1150230642
4084
48628
21281
2814111
28965
95171
78
59488
103386
136410
123173
8856
104136
148680
8413
1123089
91955
309134
272095
153567
123645
65273

197938
247090
37210
161499
106739
140531
215027
247283
132057
1904206863
163564
8715
4
4103
2
107757
130029
176877117929
102409
113647
32231
56295
58599
288728
168598
88611
104739
228387
47149
16240898
86536
112648
83462
138758172792

131316
125483
169259
115198
41868
03905
211425
92924
139004

89082
97312
125718
149532
02912
135071
89045
168855
101814
87443
120467
170458
172762344504216252

182458
25618644489
119753
271049119579954741
41031
101703
1
1167029
106954
854
88278
1413942139258
140794
2
1839844744
4285902
211330825107865
76369
1669769777
247185
3011276116702
2481862124116954
089
21186104805
217119
9
29717
32789
1101617
47229
107901
199293
8678
19430
103142
141306911224295
4745
27123375
2337
256881
113228
4
74221
1158463191651
6629
19269804
205353
164777
2669211183203
21921
79521
1154736170925
2107074
1761912130881
167803
218491
6637148069
254180182149112897
5
166981
2367484101573
282053
807
243087
251535
66663
1198349
83399
2122307
77195
3100855
116215
111624
4953135438
8173
94317
116589
2351364114639
121551
86642
27345534
48725
1236623
103418933579
12091102483
111697
811
1796412107863
217811912860151977
3
729809
923447
53399
110999
132731
2709711123511
192631
5355
92787
110451
267123148245
139637
24878
160814
91643
303611
25150374
283238
287755129790
167262
173246013184040
184648152484
87044
188422
61911
131031

280156
9454
154606

14502
64201
29635
19075
109213825991
1130018
125546
2827
75504

1050251184909112346532638
142455811213323
154184
2873639897075123466
87
4
55140
181860
193360
200338
35382
61344
132768
86710
102838
124342
220342
33618
148050
196114
266782
93358
133446
32096
4526
44456
129704
168104
200360
220328
230312
72894
148926
188094
79796
178100
118188
153410
188738
98116
