126140
150716
160700
60862
208314
73152
89280
218304
69901
23836
74483
130547
140531
215027
247283
69735
22281
77577
139044
35366
19232
122912
197408
58408
70696
149800
9400
135975
137511
285735
106017
92197
284195
122227
163697
269689
126786
126767
239663
281135
90675
71473
182833
283441
24621
135981
186669
72252
86076
54606
235854
4084
48628
45
76987
126907
89271
53177
83129
117689
113853
123069
108360
83462

154387
225045
136729
127511
47631
148239
87579
261915
6133
133621
151285
129847
101419
122155
170539
178987
61493
97715
75445
104621
132269
189869
263597
197551
83002
135994
9284
175295
116816
159057
114507
149067
174411
138313
49174
144455
154439
167495
29245
102973
201277
149907
80015
136855
99221
118421
189845
167569
185926
33132
115306
257337
258105
212052
56937
70761
221283
195943
132207
102213
173637
104549
116069
202853
3151
86878
108382
73114
96922
71574
243602
118354
166738
58503
152967
243591
111499
100739
156037
182145
83081
24696
103800
159809
255752
13977
56217
69134
146781
7007
127573
85337
209753
146779
200545
159100
175996
224380
139124
168308
33878
37718
152918
124504
92323
281251
33181
107687
129191
160679
169895
110688
40026
6304
152992
222876
23044
119812
303364
23828
114562
115330
194434
234370
92294
114566
125318
83102
212100
119936
134528
37798
40072
71560
41590
125302
3198
3966
165246
216702
235902
13876
214316
162866
64568
112952
91438
92206
114486
249654
117682
147634
101552
17834
146858
176810
110766
152238
246090
152532105886

7620
191412
185114
125976
218904
106048
312640
65273

8502
60042
118410
168330
161452
107538
134418
83724
116748
85247

150994
259282
26103

123645
123627
5718
97238
107230
62189
139757
159378
60966

9954632638
149374
201598
32614
71014
13068044105183
18888
28413
167389
6209623
50
51078
190848260629

8819075
0210
111870
213246
238590115841
2953
86
7726
6799
138895
0296293
127882
37210

210826
246922
82793

6107
49115
16
159196
0140
313740
82827
142015
128187
49849
178873
93623
219575
44469
139990
1186217
65041
4112437
209973
114639
121551
95728

193
94124
147884
1107757
130029
169386
149989
198090
105936
144822
96715
277195

11425
128965
85191
235601
173447
121281
282561544489
119753
2710499107439
9121
5
25688155811
17147734
3459104805

184939
212587
243307
237155
172
49423
206863
307471
180327
259431
131585
5079
182615
88856
117929
102409
8715
113110243341
91651
179971
262915
123173
69
60413183849
71197
288581
1047149
193069
102443
12548736047
69777
75
116295171
453
106954
35
93136
120467
223149
44744
290504

18381
29901
4285902
166105
57
1701733123089
192987
44188
997162259
1781250101151977
41
136241
31051279285519
139642
149626
164986
01
144101
195557
39028
7107863
167765168855
21670111111697
140113
105599
268426515079503
152463
177807
267663
103956
107147
101573
2258
10140937
128697
149433
7862495619
13236747
48725
124757
18927799539
218679
119513
221657
235767461911
1314451306963150902
1623906691319595005
38175
217119
0118043
308507
29717
32789
140309
227861543463
86471
158192
1194938210883
266942964201
92623
226255
131133
154941
235581
81969
8247
132663
96
188422
68
192668
167629
198349
4044
25548
35645
5348941
160293
15137
1031
130084
227620
8196
138948
8015

82727
2260
52484
260635119
207919
424
16
33579
120363
174123
154915
53399
263063
23496
8
78232
177304
34203
34971
0
236848
162461
55697
82577
174690
32616
100124051
150919430
103142
30184
273016

93550
234899442
176194
078
84040
184648
218402
182604
200338
72894
137406
164650
36460
213868

125546
34234
11746

140432
148880
248300
269801753306
97082
56682
58218
59836
242620
153410
300866
123466
6
79796
153524
178100
131316
181558
115198
20664
75960
256440
102838
