160700
9400
303364
36047
84040

19207
69901
77577
125189
170501
76987
54606
235854
166738
116816
108360
146781
85337
200545
159809
201277
70761
108393
134505
116069
138313
159057
114507
23836
40026
132207
109843
114566
96809
71560
113228
22155
106033
182833
283441
33847
129847
92197
83488

239663
70696
64568
112952
117682
176050
6304
109230
118421
56217
102275
182145
129191
92323
24696
46992
71574
73114
96922
107074
70445

79415
293751
121281
193044
12607
32616

64201
151285
77543
74483
132808
4101
174690
76748
185030
143341
92924
18015

140794
104804
005614917
77125
18230642
124084
441031
47090
48725

171615921849302476410217687
160741
56295
217575
91651
176877
8715
0
11594617204
11050253128144
131952
143434976755697
82577
34
198522
119513
93069
14111
61911
179503
5120971
76423
88738
266947
128924
94286
154915

82727
132731
270971
148926
235603861264
29790
44614
212587
106954
66663
180327

180702
