1596
72252
86076
106048
312640
9284
83002
135994
251962
114507
149067
138313
159057
154439
167495
3151
192083
159809
257337
258105
121403
102213
129093
262968
153567
856
104136
148680

104549
116069
221283
132207
64568
112952
57644
200494
25392
19207
169735
77577
125189
170501
76811
69901
86878
40026
12380
255068
17798
70022
92294
114566
33847
129847
40072
71560
91528
53888
119936
126767
239663
61493
132996
212100
212868
147554
64700
150716
160700
223676
9400
126142
73152
89280
218304
87579
261915
17204
100916
122570
131786
89271
29245
102973
120637
201277
81508
136729
109843
154387
148269
155181
90675
102123
116816
138320
100651
101419
122155
170539
178987
243602
73114
96922
168346
106033
182833
283441
225045
127511
130583
85337
136793
7007
92197
112933
137511
238887
285735
249631
205857
124445
284195
80015
13977
56217
92323
281251
129191
160679
169895
108449
197551
101527
115351
156823
38549
118421
189845
238229
167569
149907
148239
167565
76987
33132
106828
212052
109995
104621
189869
263597
71574
37800
140712
97715
210611
115330
194434
234370
6304
72352
222876
282780
146781
127573
115306
253621
200545
108360
152967
243591
83081
93833
182145
100739
156043
210547
163697
215153
192125
104571
91509
23044
303364
255752
116748
286476
75380
101492
120692
139124
3198
3966
235902
293490
125302
134518
157564
159100
175996
54606
235854
195086
24696
312577
23836
107538
134418
23828
19232
197408
35366
212006
58408
149800
27690
117682
147634
101552
165302
74670
110766
152238
176810
49174
218904
51794

301850
6107
49115
0
168330
191412
161452
212908
99392
100928
33126
206696
46992
87100
94780
10152511668044
91084
147960
247800
180210
2326
94972
2144739177543
237991
97133

8413
167389
276395
1148496
29704
72450

260756
10454
8111624
188424
135438
8389
102885
119781
532
15713
260
52484
260612
57
118842218015

89080
135645
122874
75421
1102113112437
2277195626110190779
914
112648
79415
841031
101703
14917
77101814
15783059778136267
2253512178495
2207395408418381
217929
51721
102409
148489
49423
206863
307444477822
753
271049
691651
179971
262915
0458
172762
96732
2412317122045
1101673
102441
03601
165041
309134
116272
143920
2368481227620
307492
4469
153525
214965
43341
60966
1164650
67976
9240674
8715
90233
112505
24196
85167803
218491
450
191786
20105599
2684165266776
6
169371797
167029
256881
78624
120864
750
204193044
196884
147734
84183203
21163
1693824928
59421157
41162016301847972563
185072118716
68636
192538
131102
123466
154184
287048
24878
14111
208371
132768125483
169259
180011
115449
897
62817
91299
147149
147884
153260
196343
2040231275455
116215
149989
156901
160107475517
91643
93947
80158463
507
59431
162259
17833639
14725211813
184909
104257273979
33597
131234664027
909213323
175824
865176748
47125
121450
18887
43463
8682827
9859
19075
109699
103544107147
1173447
9569
140937
687
10583
42071
85132483
144089779503
152493550
2356149469
119513
235481
61911
131031
9
92017
112607
30642
99763
154915
41113581191
82727
25149373511984040
1833579150902
162422
23538151085
60341
116405
5
2668
280988
13491
207795
128697
149433

33618
561111
13499
56682
58218
5
246975
77304
246424
251551
8932
1153399
110999
263029734971
749010162461
55697
82577
150931
216979
250003
9
876
253276
56577
220929

148880
207248
94985
114953

139975178558
84702
12416792162571
82519
80389
187443
1204051167325

1551
212175
124313
29717
32789
14104341
86642
133491684358
148102
20664
75960
141240
139642
149626
134286
797143984
172242620
72894
148926
18809116954
44898
174690
125546
36460
106350832614
71014
130150
156262
32616
100968
