19232
172832
197408
74483
130547

115306
33132
201277
188422
258105
159809
102213
122155
170539
90675
106033
182833
283441
81455
126767
225839
239663
47631
109843
87579
184509
83129
76987
49174
125189
170501
85337
7007
200545
127573
180565
163697
215153
188424
8313
159057
106048
83002
135994
91130
195578
151285
132207
108395
56217
99221
118421
189845
77577
69901
92197
19207
169735
89280
78526
160700
9400
129191
160679
92323
281251
114566
100739
83081
93833
182145
23828
284195
249631
156043
108393
114507
116069
40026
88414
23836
129847
119936
117682
218904
6304
71574
165302
305078
73114
96922
212100
115330
24696
175996
165246
72450

166738
116816
54606
235854
112952
162866
152880
125302
64564
107538
108360
183551
83724
116748
261900
23044
303364
200156
57620
191412
216728
118410
106450
150994
237778
46858
176810
17204
100916
820247196715
76342
136047
234235

29901
170445
92914
128965
0
119753
271049
2748891115946
167402
16878
102912
258784
01776
116702
78624
76414

12648
268415
211181112505
7543
113647
102123127162
8951711171197
165041
88278
175224
148680
1132057216738912609463131164
21481423064912487191930419139258
1407918104804
130150
4084
48628
102443
32616
239208
102409
91651
21401782068124313
21176422136241735645
5105183
153567
1234611285519
05
11140428
158860
105025
21088194
6947
119128144
140119513
150931
90183203
11658979521
110241
902771169387
7
259431
105733
43341
170694
285902
74221
15409116629
195557
5128697
116405
26555
16885251551
7
8267
55697
82577
178677

107757
28151

275455
116954
60413
2149989162461
23447
234971
0
244438114953

17838793465

32789
118043
95033
151865
81969
132663

248300
115862
75071
103142
1446143069631273979
154941
235581
200360
220328
230312
82727
120363
241076
72894
148926
188094
154915
41257
219570
123466
152650
