160700
202470
95171

54606
235854
116816
108360
9400
35366
89894
149800
33132
115306
19207
125189
170501
77577
69901
46992
71574
136729
47631
167495
138313
163697
159057
109843
73114
96922
89280
152918
115690
271049
249631
124445
92197
147734
6217
114566
106033
283441
122155
239663
33847
129847
23836
245018
127573
135994
64568
112952
159809
257337
201277
76987
132207
134505
83081
93833
182145
92323
281251
129191
160679
24696
116748
106954
72252
161452
13543829901
121281

22307
235983
128965
197652
74483
65273

4110216
112648
24
92674
113647
247090
101877
102123
15265029291483138948
35328
107074
84040
4797
154184
25548
123933
5112505
988285902
35645
53316162420061911
1344388
511260106420111403481119513
150931
306963
6589
893465
12587
179521180327
1734474750718950394215581181519756577
7
17111109
210883
26694151578721412571154915
9990
6629
195557

120971295619
128144
2448271148926
220328
230312
200308
