116748
303364
33034
116816
108360
212052
54606
235854
166738
19232
197408
35366
149800
135994
72252
9284
106048
40026
71574
73114
96922
168346
46992
166032
257337
159809
29245
201277
115306
33132
108393
134505
195943
221283
110766
157620
191412
9400
160700
223676
89280
92323
281251
124445
92197
96809
249631
284195
129191
160679
64568
112952
33126
132207
116069
106033
283441
122155
35328
102912

159057
167495
33847
129847
225839
239663
47631
89105
127511
77577
69901
125189
170501
109843
87579
218904
12380
146781
146779
127573
256597
7007
200545
85337
136793
169735
135975
91130
192924
139004
195836
3836
80736
107538
23828
130894
183118
9936
104571
163697
215153
194434
234370
114566
212100
71560
3966
216702
134518
24696
175996
120692
139124
169076
99221
118421
189845
56217
100739
182145
83081
156043
197551
235630
16692
148788
2298267
102838
34078
204797

154268
115198
11094

166970
25682675071

17204
100916
32614
13110216
82576
239208

38856
148725
12476413162422
078
190086
1102290234
143994
621949811957281800171305977
35562172347
99442

92674
83462
5106450
150994
1674079133332
804
1249266193360
183488295171
68942
94967
147734
217687
4
1578715919481192388
2650
136478
1518461145580212419610775177066
113450
88728

15117154
2469458102443127152
168598
4034271161684
889
156568
128144
12470901167994
188736
35988
119493
43463
86471
266947
64201

15498162461
302149656577
2209298162571
95
58599
1261310755
2006629
144101
197823274221
1013507501210187168131648245
258786285266776
959
2123933
180702
173325
34971
198349
4084
48628
1
140794
5140
131952
1218352
7119
13170921211495162259
17934981306963
118043
29717
32789
61911
1310311119513
248300
79503
152463166131
285902
1300301243073
120363
81191
255527
41257
114221
207795
26555
154915
35119
128697
95033
154941
235581
